-
0
0
0
0
0
0
0
0
0
0
0
0
0
0
0
0
0
0
0
0
-
116
279
300
108
146
14
119
12
37
-4
258
233
1300
-0.03828228
-0.1359951
0.414667
0.02244611
0.7879373
-0.04435297
-0.6137459
-
116
279
300
108
146
14
119
12
37
-4
258
233
1300
-0.03828228
-0.1359951
0.414667
0.02244611
0.7879373
-0.04435297
-0.6137459
-
116
282
304
95
144
14
114
12
35
-4
268
245
1300
-0.0390842
-0.1348829
0.4157056
0.1376015
0.768144
0.06891292
-0.6215081
-
116
282
304
95
144
14
114
12
35
-4
268
245
1300
-0.03080714
-0.1348829
0.4157056
0.1376015
0.768144
0.06891292
-0.6215081
-
108
289
39
30
36
14
23
17
7
-2
1027
227
1300
-0.06803584
-0.1312873
0.4193782
0.4474311
0.6365445
0.3481494
-0.5228857
-
108
289
39
30
36
14
23
17
7
-2
1027
227
1300
-0.06803584
-0.1312873
0.4193782
0.4474311
0.6365445
0.3481494
-0.5228857
-
104
293
-4
23
19
14
10
23
1
-2
978
200
1300
-0.05916059
-0.1338663
0.4176015
0.4618064
0.6349475
0.3645187
-0.5007024
-
104
293
-4
23
19
14
10
23
1
-2
978
200
1300
-0.05916059
-0.1338663
0.414369
0.4618064
0.6349475
0.3645187
-0.5007024
-
100
289
-6
13
19
12
8
21
0
-2
952
190
1300
-0.05442429
-0.1340587
0.4101483
0.4656929
0.6350175
0.3738227
-0.4900408
-
95.82101
293.1828
-12.79334
13.58243
16.2408
9.494443
6.440812
22.26977
-1.987086
2.221215
944.7108
186.3094
1293.991
-0.07229722
-0.1253791
0.4037988
0.4890286
0.6092777
0.3864117
-0.4910393
-
94.55022
297.1035
-22.69101
13.5645
13.55545
10.1461
3.490561
22.22852
-2.206279
2.398424
941.4843
182.3193
1295.055
-0.07461274
-0.1054612
0.4014827
0.5015686
0.6004726
0.396552
-0.4902372
-
93.61197
299.7803
-31.87556
14.22867
11.33438
10.58782
1.067911
22.25943
-3.247723
3.808941
939.5801
177.9692
1293.733
-0.07235581
-0.07898057
0.4013472
0.5163234
0.5853984
0.4082671
-0.4861673
-
92.30486
302.6221
-38.70797
16.19337
9.904562
11.13307
-0.3465489
22.45035
-4.346641
5.769944
928.4417
173.4974
1296.19
-0.0666064
-0.04819536
0.4019793
0.5265197
0.5745692
0.4148839
-0.4834077
-
90.8597
305.6367
-42.48559
18.6488
9.119018
11.72913
-1.629914
22.60444
-5.56983
7.683539
911.3607
167.3408
1297.187
-0.06095374
-0.01986361
0.3988043
0.5334818
0.5662265
0.4202459
-0.4804411
-
89.85717
308.8648
-43.52367
21.20883
9.253815
12.44326
-2.334975
22.9415
-6.229997
9.649195
893.7895
160.2073
1296.47
-0.05651081
0.004783988
0.3906471
0.5381118
0.5585825
0.4228573
-0.4785919
-
88.82569
312.1611
-43.66189
23.58316
9.464976
12.95673
-2.967144
23.29729
-6.451151
11.31834
877.7585
152.67
1296.153
-0.05336261
0.02182484
0.3777699
0.5411466
0.5523995
0.4241806
-0.4786486
-
88.26428
315.5255
-41.72875
25.69574
10.40566
13.02455
-3.322032
23.31719
-6.401928
12.72678
862.3002
146.4743
1296.13
-0.05116504
0.01375842
0.3609315
0.5450311
0.5470505
0.4248821
-0.479027
-
87.54414
318.9975
-38.62139
27.23597
11.51971
13.16877
-3.473081
23.11176
-6.202438
13.92393
847.532
140.0799
1296.315
-0.04912972
0.01285172
0.3414525
0.5467812
0.5418146
0.4248241
-0.4796219
-
86.88815
322.4808
-35.90116
28.73734
12.54721
13.34047
-3.726466
22.95263
-5.977467
15.03922
833.1479
134.6289
1296.297
-0.04722083
0.01324511
0.321097
0.5482818
0.5381272
0.4250574
-0.4810745
-
86.43534
325.7392
-33.32082
30.30171
13.59553
13.58489
-3.899336
22.87509
-5.608592
16.16534
819.4298
129.9559
1296.213
-0.04541481
0.01433301
0.3005987
0.5495783
0.534596
0.4252496
-0.48307
-
86.01548
328.7436
-30.74484
31.88928
14.69919
13.83819
-4.004635
22.78301
-5.158752
17.23419
805.9811
126.0543
1296.295
-0.04346764
0.01590204
0.2804267
0.550949
0.5310193
0.4253973
-0.4851127
-
85.58396
331.509
-27.69475
33.51551
15.9812
14.07637
-4.000087
22.62008
-4.641509
18.24478
792.5197
122.8142
1296.338
-0.04145592
0.01719809
0.2607133
0.5523508
0.5273695
0.4254222
-0.4870729
-
85.19141
334.0771
-23.80622
35.19521
17.52193
14.30689
-3.823306
22.37812
-4.031693
19.1881
779.176
120.0512
1296.329
-0.03952575
0.01839805
0.2416853
0.5536755
0.5238386
0.4251248
-0.4889672
-
84.90264
336.4415
-18.77721
36.94885
19.42625
14.53352
-3.418674
22.05733
-3.290406
20.07181
766.1199
117.7303
1296.146
-0.03777218
0.01945508
0.2236165
0.5548203
0.5204985
0.4243699
-0.4908267
-
84.73199
338.6253
-12.44228
38.74174
21.73022
14.75273
-2.757913
21.65309
-2.412497
20.87817
753.6507
115.774
1295.946
-0.03620356
0.02038109
0.2068489
0.5557673
0.51755
0.423079
-0.4927322
-
84.66957
340.6276
-4.760504
40.51059
24.43183
14.94059
-1.845655
21.15218
-1.40925
21.58329
742.0504
114.1316
1295.826
-0.03480512
0.02096546
0.1916486
0.5565891
0.5150883
0.4213083
-0.4947149
-
84.70483
342.4194
4.235196
42.22291
27.50427
15.09944
-0.6938741
20.56044
-0.2898678
22.20371
731.5038
112.7208
1295.593
-0.03357816
0.02105546
0.1779295
0.5571682
0.5128493
0.4190171
-0.496821
-
84.85021
344.0382
14.41184
43.8807
30.91695
15.23324
0.688073
19.85678
0.9395808
22.7562
722.0888
111.4628
1295.278
-0.0324015
0.02082419
0.1657116
0.5591313
0.5100217
0.416302
-0.4984649
-
96.2523
336.7295
15.89961
35.57248
-7.51233
16.08557
-16.05562
28.01135
-6.241345
19.9696
722.0334
111.1144
1300.076
-0.0007314682
-0.03894275
-0.06962186
0.5998967
0.5117124
0.438334
-0.4575028
-
98.82404
333.6055
116.1226
25.24418
19.18888
16.6561
-8.80962
27.39234
-9.54687
21.19284
718.9378
109.9877
1300.004
0.02690685
-0.04014981
-0.08057666
0.5922055
0.5239687
0.4189072
-0.4613299
-
94.36049
325.7136
68.26793
11.4726
-4.585923
15.08502
-25.67025
24.69723
-16.14801
18.00294
715.5356
107.1467
1300.919
0.04203439
-0.03324032
-0.05486804
0.5799816
0.5243357
0.4107074
-0.4744102
-
91.69118
317.2614
697.2612
7.327108
375.9088
14.42425
151.6641
22.39264
20.41622
16.5819
658.8464
93.44289
1297.696
0.03211498
-0.04310447
-0.0146032
0.5902619
0.5262002
0.3935198
-0.466372
-
83.55855
306.3578
604.1478
2.103367
304.3069
8.598885
127.3188
14.14331
19.48144
8.912362
649.1323
80.09032
1296.283
0.001469254
-0.04595739
0.06870198
0.59789
0.5186161
0.3901361
-0.4813626
-
87.25383
311.2476
573.3602
-0.05247295
281.3651
8.158747
105.223
17.27565
12.55615
10.72475
684.5988
72.79894
1302.336
-0.005378008
-0.06133944
0.08359766
0.6205447
0.5332669
0.3852812
-0.448823
-
87.17271
308.4462
553.2502
-8.172089
255.684
6.157814
86.04894
17.31383
4.211904
10.47365
691.5808
70.75847
1299.454
-0.02289289
-0.05895436
0.1059442
0.6164178
0.5308211
0.3794844
-0.4530525
-
87.94766
305.8156
520.4449
-15.10617
214.6707
4.282948
63.19929
16.52324
0.5461723
8.231449
698.4529
70.03397
1298.045
-0.03890264
-0.0591687
0.1382327
0.6100289
0.5323256
0.3729591
-0.454405
-
89.18889
305.9432
502.7108
-21.46629
187.8333
2.678303
46.48993
15.62577
-2.454376
7.29109
713.9761
68.3334
1296.513
-0.04760301
-0.0578602
0.1627743
0.6029028
0.5310779
0.3661269
-0.4589713
-
89.83191
304.9549
490.0002
-26.57855
172.1495
1.46156
34.4809
14.14735
-5.824572
6.123559
730.6099
66.063
1294.635
-0.05194569
-0.0555377
0.1862701
0.5979059
0.5320089
0.3581291
-0.4665216
-
91.38071
304.9005
482.1624
-30.01438
165.0145
0.6559253
28.48553
13.09464
-6.445132
5.277923
747.7126
61.61347
1293.824
-0.05332655
-0.05475062
0.199843
0.5922371
0.5341125
0.3493127
-0.474484
-
93.70618
306.2294
461.0181
-32.44269
161.1278
0.4524305
32.20085
13.14464
-2.546397
4.553962
747.4421
53.99564
1293.273
-0.05125183
-0.05215079
0.2042512
0.587487
0.5377119
0.3400611
-0.4818041
-
96.15932
307.2503
396.2566
-37.84299
144.4728
0.3451183
34.54948
14.81929
1.304399
4.514335
711.4012
48.99765
1293.576
-0.0458774
-0.04937029
0.1995553
0.5817667
0.5427413
0.3325076
-0.488623
-
97.41056
304.0657
311.8198
-45.46664
128.4691
0.001882017
41.46733
17.45625
9.829387
5.945755
641.6703
51.94709
1295.263
-0.04059088
-0.04952312
0.2031207
0.5780374
0.5446864
0.3353504
-0.4947938
-
97.1543
302.1955
251.0916
-52.03096
116.5037
-1.376738
43.31062
19.42401
14.33061
4.749852
584.8474
55.13203
1296.307
-0.04184484
-0.04878712
0.2173284
0.5733197
0.5435283
0.336242
-0.5004479
-
96.41536
300.9673
211.9566
-56.97016
109.8917
-3.005342
45.69
20.23085
17.74724
2.799478
542.7793
56.29856
1296.921
-0.04501855
-0.04865354
0.2316957
0.5704744
0.5424554
0.3361584
-0.5054672
-
95.9017
300.5465
178.7793
-61.10374
99.60295
-4.303853
44.59272
21.13843
18.18739
1.014808
510.6125
56.43667
1296.723
-0.04880589
-0.05005336
0.2416657
0.567512
0.5407957
0.3339428
-0.5097916
-
95.07792
300.796
144.8531
-65.82426
83.62321
-5.454122
37.46249
22.01287
14.76769
-0.4191056
482.4572
55.86636
1296.512
-0.05195981
-0.05102211
0.2469413
0.5628498
0.53971
0.3308474
-0.5148872
