-
0
0
0
0
0
0
0
0
0
0
0
0
0
0
0
0
0
0
0
0
-
138
272
287
129
166
45
170
53
72
18
270
384
1221
0.0184902
-0.1466347
0.3266257
0.05013258
0.7029291
-0.0418085
-0.7082583
-
138
272
287
129
166
45
170
53
72
18
270
384
1221
0.01848996
-0.146638
0.3266252
0.05013258
0.7029291
-0.0418085
-0.7082583
-
138
268
285
129
166
45
170
53
72
21
268
384
1221
0.01791501
-0.1468827
0.3268083
0.05251756
0.7024141
-0.03988511
-0.7087073
-
138
268
285
129
166
45
170
53
72
21
268
384
1221
0.01791501
-0.1468827
0.3268083
0.05251756
0.7024141
-0.03988511
-0.7087073
-
144
279
134
78
81
44
68
51
47
27
321
357
1300
0.01754856
-0.1444763
0.326795
0.05714033
0.7010437
-0.04252943
-0.7095525
-
144
279
134
78
81
44
68
51
47
27
321
357
1300
-0.0105449
-0.1293947
0.3346454
0.3900257
0.6117256
0.2157066
-0.6535617
-
136
286
43
57
43
42
32
56
27
29
333
309
1300
-0.0105449
-0.1293947
0.3346454
0.3900257
0.6117256
0.2157066
-0.6535617
-
136
286
43
57
43
42
32
56
27
29
333
309
1300
-0.02565908
-0.1242679
0.3393878
0.5291772
0.5476033
0.3397778
-0.5519547
-
130
289
14
51
34
40
27
56
21
31
339
287
1300
-0.02235484
-0.1242679
0.3393878
0.5291772
0.5476033
0.3397778
-0.5519547
-
126.6347
291.4894
3.943968
54.19431
26.88056
38.22485
20.39179
51.2893
20.9956
33.50932
368.9651
277.0425
1288.614
-0.01404095
-0.1104855
0.3376154
0.5315292
0.5329914
0.3495263
-0.5372133
-
123.8424
295.9183
-6.219962
51.66856
20.75008
38.08894
17.44747
51.45761
19.24926
34.76853
401.7513
259.4473
1293.187
-0.005093277
-0.09125447
0.3424642
0.5309328
0.5338048
0.3489108
-0.5425779
-
121.9133
299.3679
-11.77326
50.37195
17.23324
38.31041
14.77866
50.17916
17.59376
36.68763
451.2853
243.6212
1293.11
-0.001660109
-0.06757551
0.349983
0.5411738
0.5277419
0.3571495
-0.5412803
-
120.6943
301.4095
-11.89866
50.49009
16.03763
38.46145
14.02544
49.13353
16.91778
38.71027
483.2284
231.4145
1293.442
-0.001654148
-0.04155779
0.3564118
0.5476898
0.5225856
0.3611633
-0.5423331
-
119.2253
304.2961
-11.31301
50.44833
15.34987
38.57556
13.03115
47.95365
15.69537
40.74532
534.2614
216.1741
1294.437
-0.001442909
-0.0147773
0.3606235
0.5518934
0.5160065
0.3644862
-0.5405185
-
118.3212
305.8099
-8.801526
52.10757
15.60002
38.67976
12.54478
46.7742
15.07975
42.48716
564.3486
206.2436
1293.741
-0.002704203
0.007991076
0.357118
0.5539925
0.510435
0.3661019
-0.5406697
-
117.4691
308.0005
-6.014945
53.22684
16.26294
38.81335
12.17389
45.61827
14.3435
44.21941
606.0771
194.6381
1293.632
-0.002654016
0.01752889
0.349207
0.5545347
0.5054402
0.3674489
-0.541476
-
117.2489
309.17
-2.665214
55.09388
17.32376
38.64196
11.92702
44.5123
14.05321
45.73053
631.5215
187.7537
1293.338
-0.003676474
0.0102154
0.3363647
0.5569054
0.50099
0.3694679
-0.5420828
-
116.5376
310.5753
0.3227547
56.24136
18.41358
38.62468
11.74492
43.32408
13.64728
47.14709
661.1685
179.2294
1293.757
-0.003498733
0.0104965
0.3221067
0.556702
0.4975461
0.3709259
-0.5431221
-
115.8997
311.1544
1.930039
58.08338
19.2065
38.68185
11.25551
42.3283
13.37978
48.58692
677.9222
173.941
1293.988
-0.003788948
0.009937525
0.3066503
0.5573876
0.4951802
0.3731481
-0.5446043
-
115.1653
311.6899
2.609804
59.74417
19.87742
38.86446
10.79644
41.47169
13.07587
50.12096
693.2801
168.3469
1294.632
-0.003390074
0.01134157
0.2912437
0.5568753
0.4934062
0.374339
-0.5468918
-
114.4576
311.6618
2.691092
61.69666
20.49053
39.02071
10.19932
40.68928
12.89934
51.64742
701.4244
164.7371
1295.193
-0.003054261
0.01155031
0.2757616
0.557345
0.4914669
0.3759387
-0.5487682
-
113.6252
311.5677
2.970961
63.53307
21.20918
39.16451
9.705896
39.9066
12.7667
53.2242
707.5626
161.1782
1295.33
-0.002356827
0.01192105
0.26021
0.5571622
0.4891967
0.3767526
-0.5507762
-
112.8554
311.2771
3.765664
65.55221
22.08961
39.34276
9.292952
39.1607
12.78769
54.82374
710.062
158.5104
1295.21
-0.001707554
0.01176
0.2447245
0.5571791
0.4868037
0.3774759
-0.5525062
-
112.1972
310.9618
5.680635
67.63041
23.24107
39.55894
9.113948
38.43786
12.92421
56.52743
711.5272
155.9277
1294.872
-0.0008789897
0.0121069
0.2302662
0.5581644
0.4838572
0.3762238
-0.5547013
-
111.6316
310.6615
8.375801
69.75783
24.58409
39.80487
9.105989
37.73441
13.24109
58.18887
711.5123
153.6606
1294.642
0.000143528
0.01223648
0.2162209
0.5582831
0.4815874
0.3753276
-0.5566297
-
111.1516
310.3305
12.31132
71.83131
26.28586
40.0571
9.430429
37.05738
13.75256
59.82902
711.1299
151.4819
1294.302
0.0009469986
0.0119549
0.2026076
0.5571824
0.4801601
0.3750775
-0.5580208
-
110.7855
309.8936
17.67855
73.89881
28.3431
40.32721
10.07745
36.4155
14.43647
61.48804
710.848
149.6083
1293.928
0.001376033
0.01168549
0.1901549
0.5558488
0.4789909
0.3743117
-0.5596182
-
110.5566
309.4006
24.24873
75.9146
30.64215
40.59861
10.979
35.7911
15.26587
63.1732
711.1456
147.9633
1293.605
0.001680732
0.01147902
0.1791759
0.5549117
0.4778242
0.3724238
-0.5617714
-
115.2198
328.2286
60.89437
66.57998
14.38362
35.92235
-8.855891
40.40933
13.80765
49.68616
703.303
149.4325
1307.511
0.05656302
-0.04655081
-0.07639575
0.6101491
0.4849776
0.3858613
-0.527119
-
115.0488
327.3326
211.7618
50.32911
52.03582
33.31309
0.887385
37.51936
13.61869
48.31433
691.7543
147.4187
1307.302
0.06560898
-0.05222672
-0.08889675
0.6057808
0.4944116
0.3694338
-0.5292888
-
109.5757
321.0103
391.8949
39.12055
126.6964
29.56725
24.36154
32.29282
20.16318
43.20231
674.6162
141.0729
1303.702
0.06592393
-0.05116367
-0.05573577
0.5996535
0.4885459
0.3634694
-0.5382258
-
108.5621
320.6032
629.1158
30.52479
334.9776
28.11288
120.2901
35.55862
41.28315
41.95051
621.463
125.9742
1300.504
0.05660176
-0.04732502
-0.006450295
0.6088161
0.4972695
0.3572553
-0.5296985
-
108.5851
319.2884
645.5645
27.91071
330.5829
23.14551
99.36675
30.26984
26.69991
35.88474
646.3386
113.4126
1303.972
0.03536737
-0.05020565
0.01075673
0.6232022
0.4837077
0.3613179
-0.5255752
-
108.8926
321.7192
605.2033
22.20846
313.9688
22.3489
88.45452
30.30236
24.28734
34.17972
655.3893
102.52
1303.524
0.02690506
-0.06294787
0.03669155
0.6351975
0.4983672
0.3522521
-0.5094357
-
108.4386
321.1106
599.7352
15.17793
311.1082
19.97454
88.1631
29.93246
22.30117
31.99214
657.1296
95.51736
1302.983
0.0108602
-0.06344491
0.0674541
0.629011
0.4977611
0.3508883
-0.5078118
-
107.6663
321.2743
597.0405
8.192261
299.9969
17.22197
82.05872
28.15392
20.3852
28.21851
659.202
90.17262
1301.257
-0.003847718
-0.06339163
0.1005237
0.6211629
0.5003936
0.3468715
-0.5068355
-
106.993
321.6075
593.1796
0.5505219
285.3365
14.73843
73.94178
26.50052
16.86636
25.13018
666.7853
85.10349
1299.449
-0.014072
-0.06226367
0.1326473
0.6147423
0.5026826
0.3431728
-0.5079851
-
106.0075
320.4873
594.9218
-6.255771
276.8394
12.52393
67.71657
24.65944
13.02102
22.45314
678.8144
80.41745
1297.962
-0.02160829
-0.06104106
0.165077
0.6102334
0.5046338
0.3391631
-0.5115089
-
105.2948
318.4945
609.9268
-10.91012
277.8293
10.7021
66.15777
22.68592
11.39766
20.08311
697.4257
75.03657
1297.078
-0.02789015
-0.06081569
0.1964543
0.6056985
0.5056305
0.3338541
-0.5168149
-
105.5616
316.5425
668.5891
-9.142645
310.0331
9.888113
81.8147
20.52744
16.46673
18.02073
730.3503
66.25795
1295.55
-0.03103548
-0.06040871
0.224278
0.6018426
0.505513
0.3255787
-0.5239191
-
107.8518
315.1621
768.5084
0.1661986
387.134
10.92186
131.7115
19.18604
34.21335
16.24968
767.7657
53.73761
1293.593
-0.02579826
-0.05704141
0.2378374
0.5985636
0.5024692
0.3148128
-0.5295333
-
111.0601
314.8459
696.8157
0.2120212
366.4809
12.50639
154.1588
20.91189
44.70111
16.45305
740.0913
50.94502
1294.189
-0.008407593
-0.04876363
0.2307191
0.5973002
0.5024084
0.3034245
-0.5336151
-
113.314
315.0927
416.5078
-15.69253
191.1552
11.80401
85.92565
26.31439
24.08241
17.10414
652.1428
61.94384
1295.933
0.008593082
-0.04805934
0.2204067
0.596609
0.5057347
0.2950337
-0.5398291
-
111.8873
313.4119
265.7758
-29.66478
126.4131
7.556117
58.84079
28.79492
19.58905
15.60245
581.2256
67.2438
1296.268
0.002536774
-0.05047768
0.2292385
0.5946965
0.5056322
0.2959088
-0.5480465
-
108.1432
309.1342
257.3116
-33.6087
153.064
3.922178
77.9482
26.17038
33.37583
12.15804
552.698
64.97131
1297.438
-0.0135228
-0.05059171
0.2471632
0.5971535
0.501997
0.2995719
-0.550445
-
107.4495
307.3234
215.5513
-39.38125
137.7978
2.136204
78.99475
27.27522
32.87744
8.71402
517.1218
67.1704
1296.996
-0.02086276
-0.05269444
0.2533321
0.5938805
0.5006403
0.2992866
-0.5505925
-
106.8888
307.6833
174.8975
-44.40019
118.8706
0.9927154
74.75325
28.04039
32.72018
6.617458
492.0675
67.55913
1295.136
-0.02584851
-0.05393821
0.2512308
0.5881442
0.5003594
0.2995276
-0.5506029
-
106.5237
307.9873
138.0942
-49.95159
97.36406
0.3311202
60.11952
29.15961
26.09806
5.11587
466.6047
67.50342
1294.22
-0.02967501
-0.05432433
0.2529777
0.581426
0.50231
0.2976199
-0.552756
-
105.6053
308.2815
115.2239
-54.95457
84.17586
-0.6701544
47.43753
28.63766
19.53958
4.184565
451.8626
66.51025
1295.225
-0.03349328
-0.05326611
0.2546309
0.5742689
0.5030506
0.2991271
-0.5558049
