-
0
0
0
0
0
0
0
0
0
0
0
0
0
0
0
0
0
0
0
0
-
74
272
242
30
135
-9
90
0
37
-18
223
263
1300
0.07542872
-0.1335849
0.4803334
0.1241812
0.71231
0.0997528
-0.683552
-
74
272
242
30
135
-9
90
0
37
-18
223
263
1300
0.07542872
-0.1335849
0.4803334
0.1241812
0.71231
0.0997528
-0.683552
-
72
272
242
34
134
-9
90
0
37
-18
221
260
1300
0.07540941
-0.1322645
0.4803382
0.1166042
0.7127912
0.09737975
-0.6847264
-
72
272
242
34
134
-9
90
0
37
-18
221
260
1300
0.06047845
-0.1322645
0.4803382
0.1166042
0.7127912
0.09737975
-0.6847264
-
70
268
91
-6
47
-9
6
8
1
-16
284
227
1300
-0.01650894
-0.1121761
0.4973005
0.497258
0.5435682
0.3472295
-0.5802587
-
70
268
91
-6
47
-9
6
8
1
-16
284
227
1300
-0.03810036
-0.1121761
0.4973005
0.497258
0.5435682
0.3472295
-0.5802587
-
68
282
55
-17
34
-7
-5
12
-5
-12
484
124
1300
-0.03802514
-0.1102813
0.4963094
0.5343987
0.5232012
0.3781297
-0.545616
-
68
282
55
-17
34
-7
-5
12
-5
-12
484
124
1300
-0.01648855
-0.1102813
0.4963094
0.5343987
0.5232012
0.3781297
-0.545616
-
64
286
41
-27
30
-9
-8
10
-9
-14
705
72
1300
-0.01830196
-0.1115416
0.4981512
0.5580941
0.5083584
0.3899312
-0.527311
-
67.46335
290.8033
37.37831
-23.47386
30.81582
-6.529955
-8.027872
8.325953
-5.68362
-8.779203
708.9138
70.66802
1294.147
-0.01197326
-0.1029482
0.4913557
0.5690795
0.4926676
0.3973054
-0.5235593
-
65.41414
299.4906
27.01103
-25.43328
27.1415
-6.007215
-8.93843
7.656378
-6.91674
-7.524117
744.5121
50.32792
1295.497
0.001114249
-0.08205491
0.4880641
0.566497
0.484019
0.3890465
-0.5256888
-
65.79395
302.8807
19.90088
-22.18225
25.73934
-4.585204
-10.5795
8.044237
-6.795326
-6.222195
736.4967
54.6349
1296.736
0.005888462
-0.05948216
0.4865334
0.5779434
0.4796041
0.3979918
-0.5281986
-
65.08681
307.0227
10.58392
-21.6461
22.15694
-5.448719
-12.03324
7.871482
-7.528309
-4.864718
731.2688
51.42542
1296.477
0.01023519
-0.03688037
0.4836097
0.5821708
0.4733266
0.3949388
-0.5354421
-
65.20959
309.8352
2.32883
-19.61136
20.20854
-4.896428
-13.24712
7.892656
-7.892407
-3.337887
717.95
53.70918
1298.832
0.01371777
-0.0176307
0.4789617
0.5862111
0.4698266
0.3964679
-0.5382463
-
64.8499
313.0011
-3.529261
-18.29591
18.68365
-4.700474
-14.20431
7.720172
-8.243175
-1.78768
707.1979
53.18166
1296.62
0.01633418
-0.005474091
0.4684515
0.5869083
0.4637926
0.3957151
-0.5409965
-
64.94276
316.6705
-7.956411
-17.04928
17.6854
-4.317601
-14.83352
7.891279
-8.307356
-0.3694654
697.0501
52.42348
1296.823
0.01853418
0.0009938478
0.4540113
0.5874552
0.4604166
0.3947415
-0.5434173
-
65.27407
320.5922
-9.639277
-16.03853
17.53884
-4.077254
-15.10903
7.923323
-8.181195
0.9838596
687.7064
51.17751
1296.523
0.02015746
-0.00211966
0.435473
0.5874257
0.4577641
0.393068
-0.5453253
-
65.63326
324.6941
-9.665886
-15.23306
17.8077
-3.713636
-15.13985
7.986534
-7.976521
2.186126
678.7438
49.78521
1296.653
0.02150369
-0.00372541
0.4142591
0.5862666
0.4561533
0.391223
-0.5473357
-
66.14024
328.9153
-8.866969
-14.44139
18.31461
-3.295715
-15.11662
8.070157
-7.691113
3.333786
669.8918
48.52987
1296.414
0.02245212
-0.003877401
0.3913021
0.5842812
0.4559174
0.3889482
-0.5498103
-
66.74168
332.9947
-7.714312
-13.62531
18.91699
-2.80724
-15.02364
8.26004
-7.303463
4.469587
660.7612
47.66568
1296.258
0.02309632
-0.003079534
0.3673863
0.5818267
0.4559615
0.3867598
-0.5527113
-
67.35748
336.9507
-6.212181
-12.79419
19.68055
-2.285773
-14.87045
8.461187
-6.881057
5.56865
651.5286
47.11174
1296.044
0.02358222
-0.0008141994
0.3428046
0.5791301
0.4561379
0.3844382
-0.5558807
-
67.99203
340.738
-4.114993
-11.93238
20.67323
-1.763888
-14.64019
8.663316
-6.404661
6.634262
641.9364
46.93421
1295.792
0.02385879
0.002685308
0.3179668
0.5763828
0.4562713
0.3821999
-0.5591401
-
68.67787
344.3589
-1.052976
-11.00311
22.00073
-1.249889
-14.26767
8.832577
-5.865763
7.671502
632.0141
47.09793
1295.489
0.0238719
0.00570631
0.293154
0.5736421
0.4564259
0.3798262
-0.5624444
-
69.4276
347.7936
3.356661
-10.0063
23.77925
-0.7507011
-13.68467
8.945647
-5.228169
8.66026
621.9788
47.60138
1295.207
0.02361774
0.008489966
0.2688251
0.5708104
0.4567044
0.3772393
-0.5657004
-
70.23251
351.0331
9.280653
-8.954358
26.03819
-0.2656475
-12.87164
8.999157
-4.491796
9.589322
612.1759
48.36325
1294.97
0.023085
0.01145029
0.2454017
0.5677661
0.457292
0.3743373
-0.5690062
-
71.15753
354.042
16.89528
-7.812685
28.74185
0.2243191
-11.84714
8.986765
-3.752553
10.55531
603.4137
49.45984
1295.066
0.02291775
0.01583064
0.2245501
0.5653532
0.4567722
0.3688568
-0.575721
-
72.10999
356.7557
25.77825
-6.770824
31.86185
0.6239235
-10.73566
8.895548
-2.829865
11.37248
594.3453
50.71169
1294.8
0.02251327
0.01718354
0.2041758
0.5624386
0.4573364
0.3645694
-0.5798039
-
72.97958
359.1882
36.03133
-5.784038
35.54463
1.023799
-9.302841
8.830073
-1.711828
11.98788
587.2813
51.64933
1294.202
0.02122223
0.01765466
0.1833302
0.556996
0.4605048
0.3627495
-0.5798803
-
73.95225
361.3416
47.98889
-4.675493
39.75902
1.476716
-7.486263
8.738293
-0.6040543
12.63761
583.2843
52.67124
1294.005
0.01942384
0.02122736
0.1646879
0.5520641
0.4627643
0.3593305
-0.5835642
-
75.12091
363.0605
60.7287
-3.664319
44.19746
1.859745
-5.677925
8.590968
0.5716652
13.27101
580.126
53.92178
1293.721
0.01718605
0.0239712
0.1477776
0.5474367
0.4649067
0.3550268
-0.5885333
-
76.23234
362.7422
76.11322
-3.351969
48.07312
2.026305
-4.878602
8.980934
0.8588046
14.16623
586.4007
55.10053
1292.558
0.01306176
0.03231466
0.1494068
0.528545
0.4800937
0.3233948
-0.6067346
-
77.5051
365.139
91.41116
-3.290781
52.96473
1.968184
-2.251883
8.486899
2.053258
14.62723
596.1017
55.32982
1293.276
0.01086259
0.03137791
0.1455128
0.5235419
0.4832453
0.3125293
-0.6169997
-
102.7253
349.1811
339.9651
-2.407114
141.3553
2.801627
46.61458
7.818556
12.74412
13.51135
612.0852
53.28674
1303.006
-0.007333338
-0.0236057
-0.1461658
0.5800493
0.4560561
0.3666166
-0.5927834
-
108.0964
348.6996
545.543
3.598666
252.1203
4.697135
104.3501
7.525596
35.90458
13.20604
614.3968
54.71019
1302.634
0.0050174
-0.03727645
-0.1114863
0.5883707
0.4626075
0.3537436
-0.5947146
-
109.3425
343.0465
689.3466
20.10816
474.3894
6.224634
265.2961
7.662594
96.01907
9.842905
565.3202
44.2187
1301.166
0.01562643
-0.04627031
-0.08614558
0.587796
0.4707669
0.3323753
-0.5912141
-
111.4474
342.8478
723.1977
19.64741
529.8672
5.54709
289.2025
8.582185
99.8729
6.853205
560.5236
40.31908
1303.28
0.02059615
-0.05272454
-0.06319928
0.6054281
0.4623332
0.3397149
-0.5791647
-
110.8375
338.9507
720.6123
19.96605
550.3828
5.118665
305.1558
9.080413
112.2107
4.255547
541.9064
32.06402
1303.576
0.02478528
-0.07044345
-0.03777874
0.6251216
0.4703845
0.332492
-0.559123
-
109.3959
335.6751
720.3439
18.54241
562.188
4.238482
315.6288
9.266008
116.7967
2.644205
532.3809
27.04472
1303.796
0.02498507
-0.07763952
-0.009825647
0.6295891
0.472347
0.3325236
-0.5485839
-
107.3862
332.8819
721.2684
15.10825
562.8431
3.016543
315.2422
8.922418
114.7146
0.7794052
527.3004
23.19078
1303.675
0.02247357
-0.08078337
0.01955867
0.6315709
0.4741884
0.3314611
-0.5409758
-
105.3063
330.2781
722.2042
10.44615
559.9672
1.833282
312.5272
8.468135
110.697
-0.8157685
525.1504
19.84904
1303.109
0.019333
-0.08121812
0.04914451
0.6317619
0.4755381
0.3303216
-0.5356724
-
103.0124
327.2462
723.6966
4.929732
555.3403
0.6615788
308.5642
7.806936
105.1155
-2.193731
525.5358
17.35468
1302.848
0.015751
-0.07933998
0.08135331
0.6321876
0.476734
0.3292179
-0.5333205
-
100.7823
323.8352
730.3291
-0.5053163
554.5972
-0.3973365
307.0836
6.89643
100.6655
-3.497051
528.5251
15.51507
1302.667
0.01160252
-0.07762527
0.1188053
0.6333848
0.4777808
0.3267819
-0.5338458
-
99.42452
320.9975
767.8144
-3.39147
583.5048
-1.310012
324.4475
5.806546
104.6498
-4.608245
539.8582
12.27163
1301.888
0.007142425
-0.07666957
0.1627364
0.6333374
0.4747229
0.3234739
-0.5377309
-
98.51456
317.7785
895.4137
2.450828
708.592
-1.861948
402.3336
3.310014
131.6293
-6.474839
573.3732
3.43243
1299.901
0.003087759
-0.077842
0.2098027
0.6350696
0.4680464
0.3173074
-0.5445796
-
96.26928
312.6582
1165.003
22.00995
1006.954
-2.062511
606.386
-1.453644
205.6007
-10.34996
639.1003
-14.27749
1296.799
0.003410578
-0.07842529
0.2502257
0.6411977
0.4562929
0.3080667
-0.5514194
-
90.44071
306.4132
1173.188
30.53917
1022.821
-3.508618
676.0519
-3.46363
244.4899
-15.58075
664.6609
-21.19864
1298.234
0.02312291
-0.07259268
0.2698348
0.648188
0.4447093
0.2939577
-0.5590242
-
97.65704
303.1339
393.8472
-12.58142
188.5895
-6.631103
157.6326
4.746254
61.08117
-17.34848
550.0544
19.94788
1304.606
0.06440485
-0.08012086
0.2555277
0.6547288
0.4473258
0.2797798
-0.5619868
-
109.3035
301.1998
127.0365
-45.36632
28.1363
-11.54533
38.98572
8.323668
19.32767
-16.39201
477.4793
26.00289
1289.236
0.04652834
-0.1047291
0.2668202
0.6472071
0.4451218
0.2833736
-0.5758084
-
94.44481
293.0649
105.0199
-61.22139
62.14902
-16.32407
27.11694
-1.402335
32.9446
-16.0624
426.4682
17.40932
1294.227
-0.003151417
-0.08497608
0.2530565
0.6456054
0.4390193
0.2726425
-0.5873215
-
97.65359
295.4106
120.1155
-63.43313
74.60263
-12.35508
39.82624
8.741808
27.27591
-13.64088
403.6317
27.17567
1295.226
-0.009504259
-0.08047044
0.2101349
0.6337794
0.4434745
0.2729899
-0.5851622
-
96.5017
299.7524
78.95351
-75.12478
42.25577
-12.86331
23.63465
12.15046
20.17272
-11.04131
358.5223
28.97406
1294.914
-0.01998883
-0.07951277
0.1842324
0.6325079
0.4534831
0.2766492
-0.5782847
-
92.67347
298.7806
81.79932
-81.88275
34.2992
-13.0101
6.840406
13.11814
7.636204
-9.840101
334.5391
31.55641
1294.244
-0.02808547
-0.08008075
0.200845
0.6307983
0.4620477
0.2723585
-0.5741082
-
87.89561
297.6578
103.0312
-87.14713
46.95031
-13.41249
7.295148
12.24484
0.6424069
-9.459898
322.2789
33.55202
1297.738
-0.0310176
-0.07497025
0.2242157
0.6256865
0.4631323
0.2813542
-0.5722802
-
84.72337
299.1418
140.9961
-89.19302
66.53299
-13.99015
15.15395
8.567989
-1.138821
-9.279163
323.0805
34.94429
1300.844
-0.03107119
-0.07023245
0.2168474
0.6272057
0.4631137
0.2927824
-0.57115
-
82.87604
303.7296
146.2659
-91.03989
52.52326
-14.33727
6.574202
4.464956
-5.947781
-7.677522
315.9843
38.17846
1302.895
-0.02868885
-0.0650723
0.1563925
0.6349986
0.4671534
0.3085073
-0.5657107
