-
0
0
0
0
0
0
0
0
0
0
0
0
0
0
0
0
0
0
0
0
-
44
193
360
43
80
-9
134
-100
36
-68
252
78
798
-0.1557695
-0.09210289
0.4250263
-0.002464213
0.7232361
0.09848683
-0.6835381
-
44
193
360
43
80
-9
134
-100
36
-68
252
78
798
-0.1557695
-0.09210289
0.4250263
-0.002464213
0.7232361
0.09848683
-0.6835381
-
44
193
360
41
80
-9
134
-100
36
-68
252
78
806
-0.1560696
-0.09442699
0.4252638
0.03823932
0.7203957
0.07071046
-0.6888891
-
44
193
360
41
80
-9
134
-100
36
-68
252
78
806
-0.1345329
-0.09442699
0.4252638
0.03823932
0.7203957
0.07071046
-0.6888891
-
48
193
207
38
37
-7
48
-100
9
-68
827
78
1041
-0.170156
-0.105363
0.4402751
0.4937461
0.5401928
0.3453364
-0.5874949
-
48
193
207
38
37
-7
48
-100
9
-68
827
78
1041
-0.1486192
-0.105363
0.4402751
0.4937461
0.5401928
0.3453364
-0.5874949
-
46
196
150
30
20
-9
31
-100
-4
-68
837
60
1055
-0.1380749
-0.08624804
0.4458297
0.5240154
0.5009543
0.3956434
-0.5638435
-
46
196
150
30
20
-9
31
-100
-4
-68
837
60
1055
-0.1165388
-0.08624804
0.4458297
0.5240154
0.5009543
0.3956434
-0.5638435
-
44
200
55
35
0
-9
5
-100
-15
-65
770
45
1081
-0.09752631
-0.08671105
0.4465765
0.5555202
0.4814299
0.4148778
-0.53619
-
43.25776
193.8101
51.52423
31.17081
3.657058
-13.01102
15.09451
-99.56559
-14.03367
-61.33262
767.2802
45.59846
1076.448
-0.07776266
-0.09403497
0.4167576
0.539883
0.4944983
0.4061717
-0.5549598
-
41.72775
193.9038
25.19153
25.07296
-7.758111
-13.806
6.323747
-99.4274
-18.50028
-60.29943
776.9274
40.40248
1076.054
-0.06819725
-0.09574413
0.3968962
0.5319325
0.4985038
0.4073708
-0.5578222
-
40.68825
193.6019
19.98503
21.74396
-6.081879
-13.27018
7.25453
-99.86942
-17.61071
-60.16045
777.905
35.43546
1071.511
-0.05856532
-0.09528601
0.386614
0.5251564
0.4969227
0.4006834
-0.5670803
-
39.18016
194.1288
8.888893
17.28629
-10.68764
-13.70265
3.835081
-99.95413
-18.13943
-59.6843
810.0466
30.23273
1066.646
-0.05015725
-0.09404886
0.3759377
0.5207342
0.4993608
0.3973291
-0.5743795
-
37.69221
193.7934
5.39384
14.10312
-8.028049
-13.92677
3.675792
-99.9883
-18.28756
-59.59364
823.0967
26.55092
1062.75
-0.04544842
-0.08680516
0.36956
0.5170878
0.5015548
0.3923621
-0.578944
-
36.44298
194.552
-0.9135574
10.69077
-16.68905
-14.22143
1.619002
-99.99563
-18.91015
-59.51567
846.5555
22.17495
1056.858
-0.03914499
-0.07829559
0.3626536
0.5132164
0.5033579
0.3890823
-0.585933
-
35.40496
194.1821
-2.765527
8.479577
-16.90775
-14.2648
0.8337498
-99.99637
-19.28514
-59.41278
859.9861
18.6921
1051.722
-0.03600657
-0.06854898
0.3582425
0.5090442
0.5046573
0.384125
-0.5910054
-
34.58522
194.2255
-6.142743
6.343472
-18.40987
-14.20303
-0.8488134
-99.99747
-19.96981
-59.23904
875.6779
15.19678
1046.179
-0.03262216
-0.0584535
0.3526592
0.5047677
0.506281
0.3800209
-0.597154
-
33.66516
194.1905
-6.91696
4.797803
-17.94388
-13.85045
-0.6362021
-99.99785
-20.33269
-59.01205
890.2036
12.0374
1041.056
-0.02997148
-0.04831719
0.346964
0.5005533
0.5082935
0.3762518
-0.6025592
-
32.94183
194.4094
-8.026464
3.746283
-20.25327
-14.07063
-0.8044198
-99.99782
-20.84159
-58.64624
903.7227
9.693703
1035.816
-0.02712291
-0.03917134
0.3394634
0.4962102
0.5105517
0.3728474
-0.6079925
-
32.20595
194.4857
-8.026642
3.047669
-21.25242
-14.55512
-0.5330935
-99.99783
-21.16747
-58.18909
916.673
7.643297
1030.567
-0.02475119
-0.03183442
0.330619
0.4911464
0.5126008
0.3691922
-0.6132445
-
31.50673
194.6412
-8.045761
2.536121
-22.62253
-14.91836
-0.4927784
-99.99775
-21.67242
-57.62166
929.3453
6.087218
1025.644
-0.02267951
-0.026151
0.3198235
0.4856952
0.5148593
0.3658572
-0.618531
-
30.74843
194.773
-7.261948
2.261165
-22.62062
-15.04865
-0.0545904
-99.9977
-22.16328
-57.01605
941.8178
4.72413
1021.008
-0.02073437
-0.02194655
0.3072842
0.479768
0.5173408
0.3626484
-0.6238067
-
29.97346
195.0017
-6.157179
2.240971
-22.57759
-15.27289
0.5813658
-99.99761
-22.69482
-56.33572
954.1604
3.649516
1016.694
-0.01882148
-0.01903921
0.2928344
0.4733367
0.5203521
0.3597025
-0.6290997
-
29.13736
195.215
-3.800942
2.476363
-21.43152
-15.42355
1.95065
-99.99747
-23.08779
-55.61838
965.5897
2.773798
1012.797
-0.01697195
-0.01711786
0.2768099
0.4662765
0.5239398
0.3567958
-0.6343104
-
28.27437
195.5115
-0.07124841
3.036529
-19.83118
-15.61623
4.043801
-99.99732
-23.32204
-54.81768
975.8446
2.151787
1009.417
-0.01520818
-0.01593459
0.2593631
0.45848
0.5283166
0.3539575
-0.6394488
-
27.3689
195.8013
7.255438
4.038763
-15.48478
-15.59463
7.972473
-99.99717
-23.09464
-53.94686
983.0704
1.730789
1006.945
-0.01373398
-0.01505965
0.240983
0.4499211
0.5337344
0.3509847
-0.6442723
-
26.49083
196.2731
20.93604
5.770111
-7.581841
-15.43521
14.85411
-99.99701
-22.14184
-52.92477
985.4305
1.577623
1005.767
-0.01269889
-0.01422453
0.2217604
0.4405522
0.540586
0.3479309
-0.6485653
-
25.68928
197.002
50.80258
8.731721
9.310026
-15.09163
28.57928
-99.99687
-19.5148
-51.66794
978.1492
1.724708
1007.077
-0.01246345
-0.01254886
0.2021289
0.4309965
0.5486522
0.3431964
-0.6525105
-
25.24189
198.4699
118.5033
13.95504
43.85995
-14.51105
55.08259
-99.99676
-14.0686
-50.04334
954.1507
2.386575
1011.659
-0.01320964
-0.01084965
0.1815422
0.4198802
0.5606016
0.3421968
-0.6519053
-
25.37536
200.6881
266.2419
22.61324
110.2331
-13.55642
105.1114
-99.99669
-2.62564
-47.98788
907.1509
3.286462
1023.789
-0.01563627
-0.006038725
0.1613346
0.4118512
0.5737729
0.3410949
-0.6462986
-
54.20799
206.0744
372.127
45.30921
220.191
-21.6648
188.5634
-100
49.30677
-54.03351
902.8802
26.97019
1103.413
0.01484609
-0.02367276
0.1329548
0.4860535
0.4990964
0.3200971
-0.6374853
-
63.62487
205.0158
481.7476
72.46719
323.58
-18.75495
294.066
-100
86.77426
-53.66043
854.0012
27.88664
1129.251
0.01313388
-0.03112543
0.1331788
0.5203683
0.4791749
0.3204911
-0.6177055
-
70.53463
203.068
573.1586
97.10445
420.4557
-16.01139
401.9056
-100
140.6266
-52.69913
788.045
27.76346
1143.602
0.01357174
-0.04461795
0.1383563
0.5519606
0.4648184
0.320011
-0.5862013
-
76.10085
201.3731
615.1511
121.4672
472.5786
-12.00602
473.893
-100
188.1824
-51.13372
739.8445
27.89983
1150.872
0.01131976
-0.05980104
0.1445813
0.5937142
0.4587595
0.3179172
-0.5396742
-
78.78582
199.1938
653.3699
148.0332
525.2242
-8.210766
551.1068
-100
248.2694
-49.9936
684.4334
28.74874
1153.121
0.00554049
-0.07518297
0.1526297
0.6391642
0.4506521
0.3146533
-0.4866977
-
78.45498
197.081
666.1683
166.9291
538.8868
-4.198909
588.2298
-100
279.3466
-48.15728
647.5289
28.24335
1153.128
-0.006519377
-0.09532696
0.1658869
0.698665
0.4489249
0.313053
-0.4075378
-
72.83263
194.9009
676.0374
180.6448
545.0189
-2.064076
612.3832
-100
297.2686
-46.55224
611.4622
27.87116
1149.25
-0.0162636
-0.1133544
0.1783878
0.7480965
0.4543467
0.3112906
-0.3240661
-
65.3755
192.5427
682.6979
188.4162
540.0807
-0.6029904
615.2979
-100
295.3166
-45.10608
581.0901
28.26307
1144.98
-0.02311975
-0.1381673
0.1894295
0.7859945
0.4772638
0.3090063
-0.2141259
-
58.59762
190.4661
687.2076
192.8879
529.2825
15.08507
601.431
-100
280.3771
-43.50772
549.8044
30.21237
1139.804
-0.01702464
-0.1495212
0.1878519
0.7917639
0.5070033
0.3144041
-0.1382586
-
56.82621
189.4931
684.8538
198.7014
511.7364
43.55137
577.9684
-100
259.2927
-41.98054
520.7963
32.44632
1141.554
-0.008154809
-0.1560051
0.1812479
0.7778955
0.5456713
0.3160416
-0.08689839
