-
0
0
0
0
0
0
0
0
0
0
0
0
0
0
0
0
0
0
0
0
-
50
182
190
34
173
3
129
-62
60
-39
150
63
586
-0.08153033
-0.1949469
0.0995729
0.7999953
0.5993864
-0.02549877
0.009687803
-
50
182
190
34
173
3
129
-62
60
-39
150
63
586
-0.08153033
-0.1949469
0.0995729
0.7999953
0.5993864
-0.02549877
0.009687803
-
50
182
190
34
173
3
129
-62
60
-39
150
63
586
-0.08153033
-0.1949469
0.0995729
0.7999953
0.5993864
-0.02549877
0.009687803
-
50
182
190
34
173
3
129
-62
60
-39
150
63
570
-0.06288338
-0.1944307
0.09925795
0.7960903
0.6045732
-0.025326
0.00954204
-
50
182
190
34
173
3
129
-62
60
-39
150
63
570
-0.05315542
-0.1944307
0.119565
0.7960903
0.6045732
-0.025326
0.00954204
-
48
182
171
30
164
1
126
-62
55
-39
149
63
561
-0.05517316
-0.197287
0.1408567
0.7946436
0.6064076
0.015834
-0.02369456
-
48
182
171
30
164
1
126
-62
55
-39
149
63
561
-0.05517316
-0.197287
0.1609073
0.7946436
0.6064076
0.015834
-0.02369456
-
48
182
167
23
161
0
124
-62
53
-42
147
63
561
-0.03724098
-0.1955217
0.1810384
0.7932842
0.6080894
0.01669395
-0.02548622
-
48
182
167
23
161
0
124
-62
53
-42
147
63
561
-0.03644896
-0.1955217
0.2010555
0.7932842
0.6080894
0.01669395
-0.02548622
-
76.12586
183.3785
206.5163
31.85018
189.5986
3.509378
133.2619
-57.67733
70.68255
-40.34064
139.7872
64.68059
555.3354
-0.03686041
-0.1787913
0.1856805
0.7922622
0.6143868
0.03383613
-0.04633957
-
72.73508
182.1293
219.959
27.10304
209.6285
6.085268
141.6484
-57.61503
80.30834
-42.57673
137.4059
62.02776
557.1025
-0.04491794
-0.1429116
0.1705399
0.782102
0.6225232
0.0589304
-0.05957758
-
75.35464
181.3828
253.2987
27.34309
242.1711
11.64613
163.1653
-57.66845
93.42275
-39.36777
135.0308
59.33815
562.1619
-0.04761118
-0.1103821
0.1616995
0.7743293
0.6293963
0.07617486
-0.06854171
-
76.24029
179.7566
323.0217
30.72188
294.8355
17.9001
201.0023
-57.09271
106.9309
-35.55162
134.0101
57.46006
574.7136
-0.04673988
-0.09049851
0.1457844
0.7713852
0.6364802
0.08870244
-0.0724436
-
69.42509
175.4292
490.5706
43.5361
415.0455
27.18013
288.4582
-57.68769
131.6636
-31.55151
132.0283
54.28538
590.0618
-0.04728389
-0.08813238
0.1301504
0.7672156
0.644196
0.09410644
-0.07069504
-
46.057
167.6585
737.0996
73.17978
609.7711
42.46891
443.0609
-57.42599
176.0495
-32.61036
128.6257
51.11288
600.3757
-0.04887992
-0.09067136
0.123768
0.7634645
0.6470866
0.0911094
-0.06434351
-
16.52622
160.3343
891.1079
128.0511
782.9942
63.85881
590.6818
-56.14991
254.7833
-23.4643
122.9672
47.41547
595.4198
-0.04576427
-0.09486407
0.1206391
0.7663779
0.6473364
0.08866072
-0.06161904
-
-6.115737
159.0085
956.9901
174.1124
859.6681
95.42078
647.6602
-54.29044
316.5816
-7.347106
118.129
45.19005
586.344
-0.03467506
-0.08964103
0.1163265
0.7717366
0.6531029
0.09808326
-0.06276953
-
-27.01699
159.8199
960.5184
197.2939
844.8157
119.3608
628.4085
-53.79159
336.8723
7.61381
114.5296
40.77147
575.409
-0.02731985
-0.08502012
0.1120148
0.7715298
0.6669431
0.1068184
-0.06382149
-
-12.28421
162.3916
966.3325
212.833
853.0493
148.8053
635.2621
-51.83844
377.4956
27.0305
110.6655
39.24566
573.5992
-0.01803315
-0.08108193
0.1074375
0.767115
0.682041
0.1127229
-0.05676913
-
40.99015
167.5204
993.8878
231.4556
893.909
188.3186
679.8016
-47.40127
446.7121
35.30608
104.4561
42.03423
576.4515
-0.01526445
-0.07620299
0.1013094
0.7672684
0.6803759
0.09801424
-0.03893393
-
170.5988
186.2423
1036.942
279.4138
946.3452
250.2597
740.0955
-40.27477
543.9813
47.82305
102.3661
54.16125
582.173
-0.01985073
-0.07005942
0.09934437
0.7728591
0.6617497
0.07256687
-0.01921117
-
380.2987
211.1228
1059.813
328.6095
961.7413
307.7334
769.9205
-31.91577
610.983
66.5918
106.7678
73.35298
582.1463
-0.02210027
-0.07550186
0.09598672
0.7869939
0.6354107
0.06486011
-0.007876873
-
448.0678
201.7757
1048.134
301.3944
930.5065
300.9381
777.9039
-40.22159
651.2318
65.87048
106.4245
84.48276
566.186
-0.1103376
-0.09883255
0.3934282
0.06915212
0.7267655
0.1218716
-0.6658481
-
507.1213
190.9935
1040.137
293.6363
908.2217
305.6768
771.6777
-39.98273
668.6547
76.85693
104.4376
97.31163
557.6542
-0.1066735
-0.1223991
0.3569152
0.08594871
0.7233206
0.1234376
-0.6634881
-
537.5275
186.0022
1031.116
290.7949
893.98
307.3698
761.9394
-41.71153
668.5417
87.44959
103.6349
109.3915
543.5312
-0.09995383
-0.1492051
0.3223288
0.09683859
0.7240772
0.1287513
-0.6610538
-
554.0215
181.7225
1020.911
283.1262
881.4317
305.3291
751.7198
-43.03022
669.5613
96.94707
101.5517
119.8849
531.0681
-0.09345269
-0.1781056
0.2850921
0.104881
0.724496
0.1290741
-0.6577634
-
562.6466
179.7467
1013.392
275.1267
872.6252
302.0284
742.7679
-44.10513
670.4936
107.294
100.0227
130.1593
518.9229
-0.08637369
-0.2032698
0.2482343
0.1146284
0.7256858
0.1300771
-0.6555066
-
565.7871
179.1202
1005.612
265.2393
864.6497
295.7309
732.6458
-45.07027
666.7067
118.5235
98.41978
139.996
508.7807
-0.08018786
-0.2233828
0.2125424
0.123986
0.7265915
0.1293517
-0.653713
-
564.58
179.8761
998.4019
253.4821
857.4231
287.0003
721.302
-45.99263
659.0975
130.2164
96.78046
149.582
499.9017
-0.07497549
-0.2381928
0.1775582
0.134671
0.7272971
0.126518
-0.6517413
-
560.2505
181.6891
991.7115
239.1828
849.743
275.7486
708.1407
-47.21957
645.9199
142.1419
95.01673
159.1145
493.0934
-0.07073444
-0.2477875
0.1440536
0.146625
0.7284187
0.121737
-0.6498784
-
552.912
184.2849
986.0044
222.0166
841.0355
261.5132
692.4429
-49.01017
625.9597
153.0764
93.13436
168.2899
487.5533
-0.06700534
-0.2525527
0.1134149
0.1588136
0.7299038
0.1154336
-0.6479688
-
544.4966
188.171
985.2273
204.1892
829.9336
247.2922
672.658
-51.06071
597.9567
161.5648
91.34648
175.799
481.7757
-0.06255025
-0.2520967
0.08564126
0.168378
0.7315606
0.1096761
-0.6461457
-
549.9097
194.6528
1058.826
236.8533
788.0189
260.0359
643.8109
-51.46209
594.827
189.7381
93.05344
174.9448
430.399
-0.0575338
-0.243254
0.06330132
0.1553472
0.7290123
0.1175592
-0.6468931
-
569.3101
204.1331
1235.671
384.3644
648.7199
287.1008
560.6842
-52.37052
707.0049
270.1711
104.251
176.9089
284.068
-0.05249768
-0.2208503
0.072914
0.1235489
0.7197813
0.1441433
-0.6536884
-
523.468
216.7997
1101.653
263.6633
609.7036
147.1442
500.7864
-62.71555
595.3771
240.9112
104.9052
218.1597
448.952
-0.03570646
-0.2028137
0.1403636
0.1797068
0.7062482
0.1269927
-0.6604398
-
-99.17386
217.8022
-94.79958
-99.90737
-99.74966
-96.21008
-99.92401
-90.04037
-99.88139
-95.13211
32.06962
276.6256
931.3074
-0.06666607
-0.2136748
0.09783053
0.525026
0.6414247
-0.05350024
-0.6659478
