-
0
0
0
0
0
0
0
0
0
0
0
0
0
0
0
0
0
0
0
0
-
242
186
436
0
203
-12
213
-100
102
-50
105
81
386
-0.09812224
-0.2172903
0.007925987
0.06418378
-0.03331947
-0.9665814
-0.2459501
-
242
186
436
0
203
-12
213
-100
102
-50
105
81
386
-0.09812224
-0.2172903
0.007925987
0.06418378
-0.03331947
-0.9665814
-0.2459501
-
240
186
438
0
201
-12
212
-100
100
-52
105
81
370
-0.09757864
-0.2174205
0.00782156
0.06431813
-0.03249141
-0.9677337
-0.2414525
-
240
186
438
0
201
-12
212
-100
100
-52
105
81
370
-0.09757864
-0.2174205
0.02431583
0.06431813
-0.03249141
-0.9677337
-0.2414525
-
240
182
434
-2
201
-12
212
-100
100
-52
105
81
378
-0.1090928
-0.2179517
0.04588509
0.06483842
-0.03301952
-0.9674261
-0.2424728
-
240
182
434
-2
201
-12
212
-100
100
-52
105
81
378
-0.1223463
-0.2179517
0.06742191
0.06483842
-0.03301952
-0.9674261
-0.2424728
-
240
186
434
-2
199
-12
212
-100
100
-52
105
81
363
-0.1225038
-0.2174791
0.08894253
0.06470377
-0.03239872
-0.9671525
-0.2436811
-
240
186
434
-2
199
-12
212
-100
100
-52
105
81
363
-0.1390733
-0.2174791
0.1105242
0.06470377
-0.03239872
-0.9671525
-0.2436811
-
238
186
434
-2
199
-14
210
-100
100
-52
105
81
371
-0.1415955
-0.2172123
0.1318862
0.06523781
-0.03116212
-0.9678779
-0.2408026
-
243.3039
184.4846
429.4261
4.633862
203.6094
-4.837066
222.0194
-100
106.2323
-48.05722
97.66103
80.56355
370.2867
-0.1344417
-0.2240931
0.1513199
0.06484258
-0.04732084
-0.961467
-0.2331817
-
243.7129
184.2689
435.3889
8.133525
218.3665
-4.430942
235.8063
-100
108.1875
-46.21612
99.00021
81.92391
369.8007
-0.1313133
-0.2231553
0.1709076
0.06544232
-0.0539341
-0.9631829
-0.227391
-
243.4999
183.5889
427.472
9.520583
216.3535
-6.378698
233.3334
-100
102.4151
-44.84642
97.883
82.75181
364.189
-0.1296068
-0.2172723
0.1830072
0.06348836
-0.06058651
-0.9633299
-0.2206116
-
249.7247
182.8368
432.6288
13.62178
230.0537
-5.11681
246.6382
-100
114.1359
-43.67205
96.9938
83.14803
366.5605
-0.1285551
-0.211547
0.1925095
0.06141925
-0.06418562
-0.9638651
-0.2174678
-
250.5798
182.2874
429.0196
14.78539
230.1236
-4.775201
249.0268
-100
114.0177
-41.51471
97.03712
84.26788
365.1047
-0.1264274
-0.2038537
0.1994791
0.05906284
-0.06671464
-0.9653212
-0.2111397
-
258.7993
182.0914
432.5536
18.23571
240.9422
-2.841547
260.7343
-100
122.8785
-39.235
97.30008
85.51142
367.2888
-0.1248132
-0.1935299
0.2039275
0.05704534
-0.06720352
-0.9665766
-0.2053337
-
260.3795
182.0836
432.0555
19.42162
243.8466
-4.010841
264.4204
-100
122.7204
-37.71271
97.21049
86.74274
366.4201
-0.1232173
-0.1808046
0.206544
0.05330861
-0.06880313
-0.9682175
-0.1982984
-
264.3793
182.504
432.5243
21.0583
248.6781
-4.860525
268.5564
-100
124.4297
-36.49798
96.99673
88.15263
365.4814
-0.1214961
-0.1670982
0.2073687
0.04932892
-0.06898701
-0.9698968
-0.191653
-
267.6421
182.8372
435.7666
22.81767
255.2635
-5.61702
274.1569
-100
127.2232
-35.37066
96.9496
89.71819
364.958
-0.1191365
-0.1535081
0.2068595
0.04447114
-0.06955808
-0.9718825
-0.1844476
-
270.0728
183.209
438.452
24.28247
260.7017
-6.617376
277.6278
-100
127.5373
-34.08168
96.95219
91.45821
363.3586
-0.1163244
-0.1407488
0.2049584
0.03942907
-0.06946516
-0.9741555
-0.1763932
-
273.8598
183.6292
448.0324
27.01803
275.0654
-6.948336
288.0594
-100
132.9428
-32.72696
96.95647
93.40829
364.2954
-0.1131352
-0.1298202
0.2023202
0.03422272
-0.06911439
-0.9763417
-0.1683712
-
277.4159
184.3091
460.9507
30.22305
293.5493
-7.423845
301.6355
-100
140.6262
-31.4318
96.90627
95.57749
365.8731
-0.1100041
-0.1206301
0.1994065
0.02871776
-0.06959051
-0.9783363
-0.1604899
-
290.6889
185.3382
491.5685
37.7645
337.3312
-5.210093
338.4756
-100
169.0477
-29.78511
97.08055
98.26111
374.7877
-0.1066116
-0.1126893
0.1961416
0.02454782
-0.07039148
-0.9800115
-0.1533203
-
317.4235
186.9423
538.8439
50.33344
406.9766
-0.7783532
401.9363
-100
223.4931
-27.24664
97.52837
101.7954
390.4178
-0.1035752
-0.1040158
0.1925955
0.02239299
-0.07258862
-0.9813809
-0.1463086
-
376.7132
189.6347
614.7063
74.37748
523.455
9.844846
516.0469
-100
338.9742
-21.87223
98.54566
106.5599
419.1913
-0.1008989
-0.09239191
0.187831
0.02414441
-0.07479072
-0.9822462
-0.1399007
-
465.396
193.5614
695.3578
105.3809
647.3305
24.42082
647.8282
-100
504.0763
-9.515129
99.35175
111.8475
450.751
-0.0991838
-0.07670474
0.181985
0.02855098
-0.07650083
-0.9825599
-0.1348637
-
562.2749
198.6897
757.0581
133.5272
737.3324
43.60555
747.0926
-100
660.7741
16.09135
98.76656
116.1247
472.6909
-0.09757513
-0.06054479
0.1740221
0.03372848
-0.07412237
-0.9822707
-0.1339907
-
627.3222
203.9533
805.8727
156.7885
800.8181
74.22997
811.5248
-100
766.1029
53.61748
96.12891
117.3756
481.346
-0.09639132
-0.05026621
0.1612204
0.04983091
-0.0687089
-0.9816276
-0.1397436
-
646.6201
200.6405
853.6716
161.9173
827.238
77.92601
850.9345
-99.99998
817.4244
30.5382
100.5533
107.7226
505.1087
-0.101805
-0.0575977
0.1287432
0.0486083
-0.08424711
-0.9867557
-0.1361866
-
661.7916
195.401
879.1126
170.2066
860.3318
101.1197
887.4174
-99.99999
880.1229
29.54679
101.1145
104.5978
535.5249
-0.1034665
-0.05973846
0.1250938
0.04592466
-0.09218049
-0.9912608
-0.1346605
-
671.6358
191.8294
891.223
178.2563
879.7831
128.6194
908.2051
-100
930.4566
29.9636
101.0345
106.5333
561.5114
-0.1010987
-0.06255478
0.1194319
0.04181898
-0.09540981
-0.9942886
-0.1250859
-
673.476
190.428
894.6481
183.5741
886.5123
149.6523
914.3542
-100
961.6987
27.50158
101.329
108.9453
583.0109
-0.1036881
-0.0665471
0.1208055
0.03300369
-0.1067486
-0.9942005
-0.1443002
-
670.7894
191.49
893.1001
191.6597
886.0663
164.2208
913.4628
-100
971.9537
24.40602
102.8101
111.276
593.8611
-0.1088411
-0.07091945
0.1229904
0.02275705
-0.1184391
-0.9799613
-0.1892705
-
668.3777
193.7811
890.1061
196.4948
882.5835
172.319
908.6467
-100
968.1713
19.35051
104.214
112.0079
595.0234
-0.1233246
-0.07318276
0.1294175
0.01787984
-0.1351871
-0.9320346
-0.2763129
-
669.8278
194.6723
888.0834
202.8443
879.5024
182.3618
905.7407
-100
966.422
18.17147
105.6927
111.7991
590.3672
-0.145152
-0.07475471
0.1383275
0.01350868
-0.1581848
-0.8706492
-0.4004102
-
671.3824
193.1575
886.0992
211.2036
877.5045
191.374
902.74
-100
963.0021
19.87866
107.1813
110.8431
581.5474
-0.1814176
-0.07553542
0.1535802
0.01371157
-0.1945817
-0.7749146
-0.5584066
-
676.4775
192.7742
881.9924
216.6737
874.433
192.4983
896.98
-100
952.5092
22.84799
108.9103
110.5508
570.2354
-0.2141865
-0.0777669
0.1691085
0.01767719
-0.2260247
-0.6778985
-0.6873404
-
687.0702
194.9749
879.5026
221.3846
872.7991
192.3481
892.4423
-100
943.34
24.52236
111.32
114.2766
561.7166
-0.23262
-0.07682908
0.1787645
0.0251776
-0.2407674
-0.6246488
-0.7344151
-
695.0321
196.4509
877.8409
224.1638
867.9924
191.4859
886.0085
-100
927.5926
23.78485
112.5687
119.2962
555.7886
-0.2326311
-0.07657385
0.1791115
0.03025579
-0.2421884
-0.6146809
-0.7394678
-
697.7935
196.8527
873.1909
223.0623
858.3136
186.1666
875.6573
-100
903.9167
21.26126
112.9326
123.3764
546.6715
-0.2309587
-0.07763952
0.1758209
0.03002799
-0.241022
-0.6173322
-0.7396759
-
700.7737
197.7168
868.1068
220.8782
848.8179
180.4594
865.0758
-100
880.166
19.42363
112.966
127.5834
539.2795
-0.2330066
-0.07924354
0.1720285
0.03085482
-0.2398874
-0.6193607
-0.743148
-
705.4941
198.2827
863.9563
218.3765
842.0706
176.2874
855.6566
-100
861.2289
18.65795
112.3027
131.9299
535.5836
-0.2336743
-0.08044285
0.1674273
0.03381538
-0.2392437
-0.6202325
-0.7460691
-
711.0153
198.2302
860.7729
215.614
837.7468
173.853
848.5052
-100
848.2898
18.61167
111.3936
136.0524
534.7848
-0.2304253
-0.08191884
0.162288
0.03483188
-0.2372364
-0.6253084
-0.7436721
-
716.1089
198.0305
858.2104
213.1084
834.4077
171.9848
843.3685
-100
838.7289
18.57545
110.6795
139.7666
535.1198
-0.2266065
-0.08372259
0.1580379
0.03338921
-0.2350067
-0.6324786
-0.7398623
-
719.7946
197.5412
855.7996
210.8141
831.0775
169.6171
839.4415
-100
830.779
17.88888
110.2394
143.5183
535.1747
-0.2252589
-0.08513415
0.15596
0.03016996
-0.234067
-0.6388297
-0.7361047
