-
0
0
0
0
0
0
0
0
0
0
0
0
0
0
0
0
0
0
0
0
-
132
313
461
119
384
18
358
28
184
27
233
248
1198
-0.1261203
-0.1155322
0.1339977
0.6114904
0.4771871
0.5132286
-0.3673812
-
132
313
461
119
384
18
358
28
184
27
233
248
1198
-0.1261203
-0.1155322
0.1339977
0.6114904
0.4771871
0.5132286
-0.3673812
-
130
313
461
119
384
18
358
28
184
27
233
248
1206
-0.1274028
-0.1146421
0.1343083
0.6145681
0.4728237
0.5150645
-0.3653127
-
130
313
461
119
384
18
358
28
184
27
233
248
1206
-0.1274028
-0.1075153
0.1343083
0.6145681
0.4728237
0.5150645
-0.3653127
-
140
324
474
105
436
16
352
28
188
27
262
227
1253
-0.1248472
-0.09060657
0.1334596
0.6126249
0.4828142
0.5117822
-0.3600843
-
140
324
474
105
436
16
352
28
188
27
262
227
1253
-0.1248472
-0.06739497
0.1334596
0.6126249
0.4828142
0.5117822
-0.3600843
-
136
324
436
34
501
12
319
25
170
25
692
178
1300
-0.1186552
-0.04878855
0.1321836
0.5964971
0.5013756
0.5047873
-0.371489
-
136
324
436
34
501
12
319
25
170
25
692
178
1300
-0.1186552
-0.02539754
0.1321836
0.5964971
0.5013756
0.5047873
-0.371489
-
134
324
445
13
505
11
319
23
163
23
713
160
1300
-0.1205785
-0.005196333
0.1325803
0.6001658
0.4975753
0.5055442
-0.3696561
-
143.2491
344.8277
525.5634
12.56737
525.5482
7.949911
317.2218
34.56294
174.4374
38.50458
693.9553
153.2081
1304.57
-0.1110142
-0.007968783
0.1132573
0.5799497
0.5247363
0.4657611
-0.403337
-
155.9546
349.5301
553.9875
9.011393
537.1768
7.296525
299.073
34.236
167.3576
35.43279
625.7332
145.7147
1303.898
-0.09241843
0.007663012
0.1230046
0.592443
0.5304111
0.4629872
-0.4141718
-
160.0633
346.7794
581.0402
8.901295
528.4358
6.976518
288.9691
31.95222
157.8467
37.59758
571.7034
138.0038
1309.872
-0.08518571
0.01680708
0.1244063
0.5835152
0.5304723
0.464992
-0.4148372
-
154.7306
347.3781
612.6781
2.632105
534.5696
5.561057
292.9346
30.73371
157.1258
40.13021
535.4482
131.9565
1304.273
-0.0890013
0.02925038
0.1111116
0.5639309
0.5318315
0.4592227
-0.4172252
-
151.2899
352.9682
659.271
2.387346
557.9865
5.888407
314.8075
31.82067
175.1192
40.7386
507.2334
126.1347
1300.109
-0.09037924
0.04535234
0.1033887
0.5619947
0.5378929
0.4582925
-0.4253812
-
164.0303
357.3815
711.6887
0.186184
592.5992
9.788686
344.838
35.54986
199.9628
39.34815
478.3918
125.0494
1303.804
-0.07946301
0.05114865
0.1150534
0.5842264
0.548144
0.4679677
-0.4339132
-
178.0543
353.3637
745.3862
-0.5804285
616.3404
10.86236
350.7195
35.1615
195.5343
38.4576
452.1405
141.6559
1311.313
-0.07747042
0.04068398
0.1180098
0.5891069
0.5323707
0.4663287
-0.4335927
-
162.2647
348.4035
705.2541
-3.178525
609.2407
0.5695373
329.291
37.36594
201.3628
29.37913
463.3208
120.9016
1291.919
-0.02267402
-0.03573298
0.3832291
0.538455
0.5369961
0.4414687
-0.4237387
-
185.9494
347.7837
801.9492
7.226409
775.5709
1.223257
484.9268
33.3946
344.7204
26.88881
491.8151
104.1743
1299.948
-0.02847028
-0.03222668
0.3858749
0.5337411
0.5565522
0.4347025
-0.4063137
-
187.5096
355.3493
819.5783
7.019337
810.4379
-0.9605899
521.5593
34.67454
386.6447
24.20697
518.6856
92.3595
1295.107
-0.02886742
-0.0382579
0.3767127
0.5225676
0.5790857
0.4180772
-0.4041236
-
190.4202
355.4756
850.7935
6.784362
873.4589
-5.269256
572.5619
33.8099
458.6873
23.66601
518.3271
78.02208
1293.81
-0.04441947
-0.05981696
0.3691781
0.5125995
0.6160986
0.3789392
-0.39969
-
197.6439
355.0371
862.7754
4.462577
905.175
-6.594095
593.6975
34.62518
496.7312
24.50282
517.6809
68.81976
1285.158
-0.05674034
-0.08718473
0.3548415
0.492515
0.6537154
0.3337399
-0.4075317
-
213.4164
357.882
867.2986
1.633063
917.8499
-8.303966
603.9943
32.72364
519.8854
21.99671
507.1166
61.09706
1280.141
-0.04843181
-0.1214213
0.3515387
0.4099116
0.7419167
0.2209325
-0.4422217
-
235.8747
356.1075
865.0273
-0.9092078
917.0513
-12.07959
595.2284
34.42142
518.1376
19.31739
487.9109
58.22099
1280.667
-0.06232685
-0.1305175
0.3368242
0.3475418
0.7884541
0.1605761
-0.4602553
-
255.9993
358.6231
873.6763
-3.314073
919.7374
-13.35497
596.1757
32.82788
519.3922
17.43871
474.6094
55.46777
1280.119
-0.06248432
-0.1346069
0.3297597
0.2668545
0.8352122
0.1013478
-0.4736206
-
273.817
357.3485
879.9661
-5.876069
928.4987
-16.56831
594.1183
32.67474
524.5881
17.53907
463.9066
51.81393
1277.219
-0.07410741
-0.1347048
0.3146818
0.2207286
0.8439487
0.07837522
-0.466148
-
285.1892
360.9075
887.7293
-8.469481
938.6
-14.20189
598.8874
25.54107
529.7198
18.62399
455.1184
48.43972
1273.469
-0.0854032
-0.1349057
0.2944913
0.1875777
0.8541043
0.06991994
-0.4679793
-
297.9144
362.4211
893.7595
-10.31413
948.5064
-14.84122
600.5734
24.94696
536.0545
18.00543
445.7301
44.52994
1272.528
-0.09998339
-0.1357275
0.2703427
0.1660627
0.8655542
0.05946803
-0.4616581
-
314.9785
365.4369
897.5214
-11.29716
954.4194
-14.15848
603.1108
23.95477
542.8446
18.38926
434.5732
42.32761
1271.201
-0.1143013
-0.1383502
0.2441351
0.1479518
0.878633
0.04894543
-0.4556891
-
335.1715
368.4429
903.4101
-11.35707
959.9234
-14.37346
608.6057
25.5097
552.3414
18.84949
425.5175
40.64388
1272.27
-0.1257148
-0.1400936
0.2205167
0.1344621
0.8903172
0.0427413
-0.4475747
-
359.749
371.5558
906.2046
-10.70155
961.6118
-14.07578
614.8577
25.22565
562.1107
19.41205
417.6514
40.02137
1274.666
-0.1354804
-0.1427206
0.1961186
0.1222106
0.90005
0.03721881
-0.4379126
-
384.9057
375.2302
904.1295
-9.855935
954.4525
-12.40473
618.4304
23.83959
569.734
21.70353
411.1561
40.11647
1277.704
-0.14167
-0.1451488
0.1748935
0.1129477
0.9093896
0.03418553
-0.4296611
-
392.0577
378.0222
862.6093
-10.5775
884.7443
-11.1111
583.2043
25.40058
547.0422
22.3325
398.1221
45.6645
1286.837
-0.1470298
-0.1471275
0.1564621
0.1062691
0.9160025
0.03235686
-0.4235712
-
360.6731
376.1314
730.7402
-17.89313
688.6036
-11.75106
457.8161
23.04407
454.98
22.33218
367.8204
61.21133
1307.215
-0.1487324
-0.1494449
0.1535907
0.107794
0.9224229
0.03450763
-0.4123213
-
254.9877
362.9721
417.4327
-39.64792
299.4399
-19.76855
200.819
23.27346
245.5358
12.18816
289.1003
98.95338
1330.309
-0.1432651
-0.1554391
0.171711
0.1133683
0.9287488
0.03211486
-0.4067506
-
233.6828
364.6736
336.9977
-47.05017
190.9843
-19.72846
146.1763
21.87057
193.8612
8.958957
250.7955
111.5724
1321.386
-0.141222
-0.1497839
0.1886899
0.1008692
0.934675
0.0229857
-0.4027984
-
226.1647
364.9556
336.7515
-50.01778
194.2249
-16.46358
139.4675
16.40289
165.7091
2.87022
211.7041
108.6959
1312.147
-0.144415
-0.1488232
0.2137353
0.07035339
0.9453768
-0.01086181
-0.4061575
-
215.3869
357.3543
332.2933
-50.47408
189.1886
-18.11525
136.6928
12.16706
153.5743
-2.95298
212.852
100.3783
1295.269
-0.1521925
-0.1344896
0.2190878
0.08485913
0.9252806
-0.00813216
-0.4018213
-
210.8345
364.2739
340.875
-53.55088
210.4771
-20.95896
139.2771
9.466823
132.4495
-4.769433
212.3359
97.21083
1254.664
-0.1715658
-0.1102032
0.2369148
0.1139054
0.8818227
-0.002199173
-0.3944382
-
245.713
392.195
363.2138
-61.42204
297.7754
-29.15162
147.1495
13.4245
109.6335
-1.660644
222.1405
110.0145
1188.289
-0.2018518
-0.1121944
0.243714
0.1212385
0.8153282
-0.00135988
-0.3877504
