6
26
0 0 0 0 0 0
45.25165 20.66321 5.029963 -72.67693 -33.18639 -8.078429
0.9021308 0.4174088 0.1092243 -1.755616 -0.8123096 -0.2125589
0.9018437 0.4213431 0.09564414 -1.828788 -0.8544133 -0.1939503
-0.9021308 -0.4174088 -0.1092243 1.5768 0.729573 0.190909
-0.9018437 -0.4213431 -0.09564414 1.421621 0.664184 0.1507686
-26.75877 10.46438 40.92025 62.56426 -24.46661 -95.675
-0.5275394 0.2146782 0.8219583 1.555476 -0.6329895 -2.423585
-0.5314804 0.2011261 0.8228468 0.7450778 -0.281957 -1.153542
0.5275394 -0.2146782 -0.8219583 -0.5618703 0.2286489 0.8754493
0.5314804 -0.2011261 -0.8228468 0.7194955 -0.272276 -1.113935
-16.47488 6.297676 46.7859 -47.40876 18.12244 134.633
-0.3215737 0.13173 0.9376767 -0.5718738 0.2342635 1.667527
-0.3243223 0.1178873 0.9385721 -1.130118 0.4107845 3.270504
0.3215737 -0.13173 -0.9376767 1.145556 -0.4692677 -3.340327
0.3243223 -0.1178873 -0.9385721 0.9002876 -0.3272437 -2.605386
-12.59588 35.90916 32.43236 39.47437 -112.5361 -101.6401
-0.2422432 0.7196532 0.6507053 0.6868986 -2.040631 -1.845124
-0.2524305 0.711356 0.6559355 1.076906 -3.034751 -2.798319
0.2422432 -0.7196532 -0.6507053 -1.052259 3.12604 2.826543
0.2524305 -0.711356 -0.6559355 -0.8202668 2.311534 2.131447
-3.920037 38.29732 31.90492 -19.30378 188.5909 157.1122
-0.06849463 0.7657739 0.639452 -0.3298121 3.687319 3.079059
-0.07954405 0.7594846 0.6456437 -0.2059688 1.966585 1.671809
0.06849463 -0.7657739 -0.639452 0.02983819 -0.3335927 -0.2785633
0.07954405 -0.7594846 -0.6456437 -0.2004474 1.913867 1.626993
