6
26
0 0 0 0 0 0
-24.3009 13.01427 41.71416 25.53259 -13.6739 -43.82845
-0.4780058 0.2654633 0.8372812 0.2570841 -0.1427731 -0.4503119
-0.4824565 0.2521321 0.8388475 0.9718309 -0.5078795 -1.689723
0.4780058 -0.2654633 -0.8372812 0.7563909 -0.420066 -1.324904
0.4824565 -0.2521321 -0.8388475 -0.05143911 0.02688211 0.0894372
-18.32153 7.131641 45.97242 -21.7131 8.451807 54.48255
-0.3585012 0.1483041 0.9216739 -0.122516 0.05068222 0.3149776
-0.3615151 0.1345194 0.9226112 -0.7402523 0.2754472 1.889174
0.3585012 -0.1483041 -0.9216739 0.7948387 -0.3288075 -2.043458
0.3615151 -0.1345194 -0.9226112 0.8759754 -0.3259497 -2.235549
-4.684117 12.37176 48.21826 -2.587506 6.83416 26.63576
-0.08532649 0.2528907 0.9637249 -0.1479034 0.4383564 1.670504
-0.08825813 0.2394247 0.9668952 0.07457318 -0.2023005 -0.8169724
0.08532649 -0.2528907 -0.9637249 -0.1042054 0.3088441 1.176954
0.08825813 -0.2394247 -0.9668952 -0.2708795 0.7348358 2.967569
-0.2470824 35.05176 35.6552 0.003082826 -0.4373378 -0.4448669
0.005057279 0.7011229 0.7130225 -0.002974723 -0.4124048 -0.4194042
-0.00482158 0.693873 0.7200813 -0.01160823 1.670539 1.733637
-0.005057279 -0.7011229 -0.7130225 -0.01651298 -2.2893 -2.328154
0.00482158 -0.693873 -0.7200813 0.02187521 -3.148059 -3.266964
7.337016 33.03257 36.81018 10.74473 48.3747 53.90684
0.1565783 0.6603702 0.7344348 -0.04155491 -0.1752582 -0.1949145
0.1476954 0.6531197 0.7427117 0.5811461 2.56987 2.922393
-0.1565783 -0.6603702 -0.7344348 -0.7028853 -2.964425 -3.296903
-0.1476954 -0.6531197 -0.7427117 -0.8532174 -3.772989 -4.29055
