6
11
0 0 0 0 0 0
47.12055 16.42177 -3.155762 -239.8482 -83.58842 16.06313
0.9412547 0.3332798 -0.05444411 -6.891727 -2.440225 0.3986317
0.9392141 0.3365192 -0.06805748 -2.753361 -0.9865258 0.1995145
-0.9412547 -0.3332798 0.05444411 1.798725 0.6368931 -0.1040419
-0.9392141 -0.3365192 0.06805748 -3.908537 -1.400424 0.2832211
-18.92843 -30.16621 -35.09548 0 0 0
-0.3696203 -0.603688 -0.706358 -0.7556153 -1.23412 -1.444009
-0.3809798 -0.5953317 -0.707414 -0.7837998 -1.224792 -1.455382
0.3696203 0.603688 0.706358 -0.4902648 -0.8007325 -0.9369141
0.3809798 0.5953317 0.707414 -0.4997881 -0.7809854 -0.9280207
