6
26
0 0 0 0 0 0
43.15376 25.12219 -2.571115 68.95957 40.14519 -4.108634
0.861846 0.5054314 -0.04195884 1.484383 0.8705194 -0.07226695
0.8581266 0.510525 -0.05461592 1.477808 0.8791917 -0.09405585
-0.861846 -0.5054314 0.04195884 -0.8662328 -0.508004 0.04217241
-0.8581266 -0.510525 0.05461592 -0.8560154 -0.5092691 0.05448155
-8.000965 17.97288 45.96697 -11.16963 25.09077 64.17153
-0.1510949 0.3639606 0.9190773 -0.04616556 0.1112046 0.2808151
-0.1557771 0.3512767 0.9232216 -0.3386334 0.7636169 2.006929
0.1510949 -0.3639606 -0.9190773 0.3559862 -0.8575074 -2.165387
0.1557771 -0.3512767 -0.9232216 0.4087074 -0.9216333 -2.422227
-9.732834 11.93375 47.56953 7.402088 -9.075943 -36.17794
-0.1862254 0.2440414 0.9517163 -0.1310892 0.1717875 0.6699395
-0.1896189 0.230578 0.9543995 0.3623331 -0.4405997 -1.823713
0.1862254 -0.2440414 -0.9517163 -0.4178548 0.5475832 2.135473
0.1896189 -0.230578 -0.9543995 -0.6440982 0.7832282 3.241907
-5.293474 35.21171 35.10123 17.83851 -118.6601 -118.2878
-0.09592125 0.7049376 0.7027532 0.3704531 -2.722507 -2.714071
-0.1058839 0.6971405 0.7090725 0.1286283 -0.84689 -0.8613849
0.09592125 -0.7049376 -0.7027532 -0.0255078 0.1874601 0.1868792
0.1058839 -0.6971405 -0.7090725 0.3019876 -1.98829 -2.02232
5.291173 34.93833 35.37358 -3.993941 -26.37253 -26.70107
0.1157616 0.6980656 0.7066143 -0.3376132 -2.035875 -2.060807
0.1059218 0.6916137 0.7144586 0.1783519 1.164544 1.203011
-0.1157616 -0.6980656 -0.7066143 -0.2709248 -1.63373 -1.653738
-0.1059218 -0.6916137 -0.7144586 -0.5843605 -3.815567 -3.941601
