6
21
0 0 0 0 0 0
-12.04715 13.12481 46.71809 -18.81531 20.49841 72.9646
-0.2324145 0.2676703 0.9350594 -0.4628834 0.5330999 1.862291
-0.2362807 0.2543476 0.9378053 -0.07422243 0.07989774 0.294591
0.2324145 -0.2676703 -0.9350594 0.5868006 -0.6758145 -2.36084
0.2362807 -0.2543476 -0.9378053 0.5320517 -0.5727342 -2.111729
-20.47556 5.997011 45.21934 -14.80781 4.337007 32.70238
-0.4017604 0.1256542 0.907083 -0.9965945 0.3116939 2.250082
-0.4046463 0.1118204 0.9076109 0.08473798 -0.02341659 -0.190065
0.4017604 -0.1256542 -0.907083 -0.3390791 0.10605 0.7655629
0.4046463 -0.1118204 -0.9076109 -1.287572 0.3558092 2.88799
-11.91217 6.227895 48.15928 -28.24603 14.76753 114.1949
-0.2302658 0.1304754 0.9643412 -0.8866643 0.50241 3.713304
-0.2326756 0.1165925 0.9655403 -0.2313471 0.1159268 0.9600274
0.2302658 -0.1304754 -0.9643412 0.09254895 -0.05244096 -0.3875902
0.2326756 -0.1165925 -0.9655403 -0.6842383 0.342868 2.839402
-7.970119 31.60205 37.91789 -32.44607 128.6508 154.3624
-0.149578 0.6338336 0.7588685 -0.7367 3.121751 3.737571
-0.1583584 0.6244802 0.7648183 -0.2396446 0.945029 1.157403
0.149578 -0.6338336 -0.7588685 0.08717071 -0.3693841 -0.4422516
0.1583584 -0.6244802 -0.7648183 -0.5593055 2.2056 2.701259
