6
26
0 0 0 0 0 0
-6.176446 13.35828 47.78476 6.57189 -14.21353 -50.84416
-0.1150378 0.2724302 0.9552739 0.1705591 -0.4039147 -1.416323
-0.1183793 0.2590906 0.9585711 0.03329708 -0.07287556 -0.2696215
0.1150378 -0.2724302 -0.9552739 -0.1992487 0.4718566 1.654561
0.1183793 -0.2590906 -0.9585711 -0.1903982 0.4167146 1.541741
-19.8682 6.752019 45.38355 -33.72077 11.45968 77.02602
-0.3895275 0.1407126 0.9102023 -0.4274381 0.1544074 0.9987875
-0.3925373 0.1269148 0.9109375 -1.072799 0.3468564 2.48958
0.3895275 -0.1407126 -0.9102023 1.137363 -0.41086 -2.657656
0.3925373 -0.1269148 -0.9109375 1.053835 -0.3407248 -2.445571
-8.17375 11.44088 47.98226 -2.42318 3.39175 14.22476
-0.1551048 0.2342883 0.9597142 -0.1995996 0.3014984 1.235026
-0.1582327 0.2207625 0.9624065 0.2455428 -0.3425754 -1.493446
0.1551048 -0.2342883 -0.9597142 -0.3178419 0.4801053 1.966653
0.1582327 -0.2207625 -0.9624065 -0.5793068 0.8082351 3.523474
-3.845225 35.83646 34.65462 -0.1501236 1.399111 1.35297
-0.0669333 0.7170998 0.693749 -0.006076335 0.06509971 0.06297987
-0.07711465 0.7097347 0.7002357 0.2037046 -1.874822 -1.84973
0.0669333 -0.7170998 -0.693749 -0.2608735 2.794907 2.703896
0.07711465 -0.7097347 -0.7002357 -0.3793312 3.491224 3.444498
0.984383 31.05775 39.17163 -3.644003 -114.97 -145.0061
0.02954792 0.6222975 0.7822229 -0.1714729 -3.611326 -4.539408
0.02133321 0.6133791 0.7895005 -0.09966135 -2.865494 -3.688272
-0.02954792 -0.6222975 -0.7822229 0.04625842 0.9742309 1.2246
-0.02133321 -0.6133791 -0.7895005 -0.01189797 -0.342094 -0.4403205
