6
26
0 0 0 0 0 0
9.289807 49.12428 0.7038225 0 0 0
0.191952 0.9811612 0.0218446 0.2018803 1.03191 0.02297447
0.1781365 0.9837949 0.02036988 0.1871517 1.033583 0.02140078
-0.191952 -0.9811612 -0.0218446 0.1298554 0.6637551 0.01477786
-0.1781365 -0.9837949 -0.02036988 0.1207267 0.6667376 0.01380508
-12.70883 15.88065 45.67595 12.15791 -15.19223 -43.69592
-0.2454361 0.3224191 0.9142248 0.0294976 -0.03874976 -0.1098756
-0.2499975 0.309433 0.9174707 0.3939449 -0.4876032 -1.445746
0.2454361 -0.3224191 -0.9142248 -0.4232323 0.5559825 1.576498
0.2499975 -0.309433 -0.9174707 -0.5034035 0.623085 1.847451
-13.67945 6.549923 47.64424 35.60056 -17.04607 -123.9934
-0.265595 0.1368306 0.9543253 0.6744165 -0.3474492 -2.423286
-0.2682066 0.1229804 0.9554794 0.4513837 -0.2069723 -1.608044
0.265595 -0.1368306 -0.9543253 -0.6370628 0.3282052 2.289068
0.2682066 -0.1229804 -0.9554794 -0.741844 0.3401567 2.642802
-12.74567 31.06943 37.04346 -43.9342 107.0961 127.6885
-0.2452741 0.6237019 0.7421836 -0.9683129 2.4623 2.930052
-0.2540046 0.6138836 0.7474146 -0.9479437 2.291011 2.789347
0.2452741 -0.6237019 -0.7421836 0.612133 -1.556579 -1.852275
0.2540046 -0.6138836 -0.7474146 0.3031088 -0.7325599 -0.8919051
-1.7763 31.3227 38.93205 -8.838676 155.8584 193.7217
-0.02563478 0.6277657 0.7779801 -0.1352689 3.312576 4.105223
-0.03408917 0.6187481 0.7848495 -0.1810003 3.285313 4.167247
0.02563478 -0.6277657 -0.7779801 0.09634572 -2.359394 -2.923959
0.03408917 -0.6187481 -0.7848495 0.09568321 -1.736733 -2.202955
