6
26
0 0 0 0 0 0
-13.80275 13.59915 46.09256 2.199142 -2.166703 -7.343758
-0.2675103 0.2770789 0.9228573 0.1998883 -0.2070381 -0.6895747
-0.2716185 0.2638159 0.9255401 -0.3090431 0.3001654 1.053064
0.2675103 -0.2770789 -0.9228573 -0.6448985 0.6679659 2.224771
0.2716185 -0.2638159 -0.9255401 -0.3146375 0.3055991 1.072127
-15.20644 14.22523 45.45779 -40.56599 37.94842 121.267
-0.2955649 0.2895156 0.9103967 -0.5212146 0.5105471 1.605441
-0.2999105 0.2763267 0.9130702 -0.9989187 0.9203676 3.041183
0.2955649 -0.2895156 -0.9103967 1.004551 -0.9839909 -3.094209
0.2999105 -0.2763267 -0.9130702 0.7795065 -0.7182091 -2.373188
-8.540275 13.03599 47.50925 -21.39067 32.65101 118.9955
-0.1622943 0.2659687 0.9502217 -0.5252295 0.8607488 3.075181
-0.165819 0.2526133 0.9532526 -0.1029081 0.1567731 0.5915933
0.1622943 -0.2659687 -0.9502217 -0.002535973 0.004155966 0.01484794
0.165819 -0.2526133 -0.9532526 -0.4702553 0.7164 2.703382
-4.511706 36.57363 33.79343 1.691992 -13.71594 -12.67331
-0.08028346 0.7317637 0.6768134 0.02778384 -0.2532428 -0.2342261
-0.09072424 0.724628 0.6831422 0.2867651 -2.290436 -2.159306
0.08028346 -0.7317637 -0.6768134 -0.3543849 3.23013 2.98757
0.09072424 -0.724628 -0.6831422 -0.4774496 3.813461 3.595136
5.596006 35.752 34.50295 -36.17142 -231.0935 -223.0199
0.1218473 0.713994 0.6894677 -0.764333 -4.478794 -4.324944
0.1116162 0.7080913 0.6972436 -0.6775659 -4.298465 -4.232614
-0.1218473 -0.713994 -0.6894677 0.644893 3.778907 3.649098
-0.1116162 -0.7080913 -0.6972436 0.1830899 1.161519 1.143725
