6
21
0 0 0 0 0 0
-4.904298 8.707063 48.99091 2.994394 -5.31623 -29.91215
-0.09004427 0.1800773 0.9795224 -0.01451376 0.02902572 0.1578841
-0.09221377 0.166283 0.9817569 0.1225316 -0.2209532 -1.304536
0.09004427 -0.1800773 -0.9795224 0.1521538 -0.3042887 -1.655164
0.09221377 -0.166283 -0.9817569 0.03663002 -0.0660525 -0.3899826
-14.65002 9.928754 46.76321 -32.33918 21.91722 103.2274
-0.2847553 0.2040661 0.9366277 -0.8866221 0.6353858 2.91631
-0.288121 0.1904542 0.9384634 -0.1869708 0.1235917 0.6089984
0.2847553 -0.2040661 -0.9366277 0.05224226 -0.03743871 -0.1718372
0.288121 -0.1904542 -0.9384634 -0.7415622 0.4901887 2.415406
-3.899298 12.01366 48.3784 10.79924 -33.27224 -133.9856
-0.06969392 0.2458102 0.9668092 0.09877697 -0.3483861 -1.370256
-0.07244225 0.2322971 0.9699434 0.289828 -0.9293779 -3.880564
0.06969392 -0.2458102 -0.9668092 -0.2929757 1.033324 4.064222
0.07244225 -0.2322971 -0.9699434 -0.2827219 0.9065911 3.785419
-0.6357101 36.3043 34.37405 3.273093 -186.9207 -176.9823
-0.002722068 0.7258841 0.6878116 0.01446491 -3.857307 -3.654991
-0.01309259 0.7191788 0.6947017 0.0417144 -2.291381 -2.213395
0.002722068 -0.7258841 -0.6878116 -0.004950446 1.320118 1.250877
0.01309259 -0.7191788 -0.6947017 0.02307457 -1.267491 -1.224353
