6
26
0 0 0 0 0 0
36.52914 33.64229 -5.814072 30.11863 27.73839 -4.793758
0.7310629 0.6739699 -0.1063568 1.062347 0.9793822 -0.1545528
0.7237399 0.6801208 -0.1167741 1.110034 1.043133 -0.1791019
-0.7310629 -0.6739699 0.1063568 -1.48242 -1.366649 0.215666
-0.7237399 -0.6801208 0.1167741 -1.45272 -1.365166 0.2343937
-11.64284 17.14895 45.50121 -25.96005 38.23703 101.4541
-0.2240043 0.3476059 0.9104902 -0.6027894 0.9353981 2.450104
-0.2287942 0.3347972 0.9140919 -0.2502671 0.3662189 0.999882
0.2240043 -0.3476059 -0.9104902 0.1590509 -0.2468124 -0.64648
0.2287942 -0.3347972 -0.9140919 -0.3457338 0.5059163 1.381296
-3.613783 15.84723 47.28432 10.26167 -44.99969 -134.2682
-0.06364077 0.3218778 0.9446399 0.1303027 -0.6590359 -1.934124
-0.06727509 0.3088385 0.9487322 0.2363426 -1.084974 -3.33297
0.06364077 -0.3218778 -0.9446399 -0.2265721 1.145941 3.363081
0.06727509 -0.3088385 -0.9487322 -0.1730476 0.7944062 2.440365
-8.548651 34.90696 34.76212 14.285 -58.33038 -58.08836
-0.1611129 0.6993015 0.6964339 0.3544929 -1.538657 -1.532347
-0.1709888 0.6910481 0.702293 0.6529122 -2.638733 -2.681671
0.1611129 -0.6993015 -0.6964339 -0.7718992 3.350386 3.336647
0.1709888 -0.6910481 -0.702293 -0.8032245 3.246217 3.299041
4.121575 36.10506 34.34255 16.2484 142.3362 135.3879
0.09238529 0.7211955 0.6865436 0.2972278 2.320276 2.208791
0.0820276 0.7152068 0.6940826 0.4736342 4.129664 4.00769
-0.09238529 -0.7211955 -0.6865436 -0.5574054 -4.351322 -4.142251
-0.0820276 -0.7152068 -0.6940826 -0.4029056 -3.512974 -3.409216
