6
26
0 0 0 0 0 0
38.71744 31.42078 -3.698344 -74.87016 -60.76019 7.151702
0.774052 0.629871 -0.06407817 -1.120087 -0.9114508 0.09272391
0.7679908 0.6360217 -0.07527693 -0.962552 -0.79715 0.09434742
-0.774052 -0.629871 0.06407817 -0.3773892 -0.3070938 0.03124133
-0.7679908 -0.6360217 0.07527693 -0.5547121 -0.4593921 0.05437177
-10.21768 15.53405 46.41438 -23.00571 34.97585 104.5048
-0.1956227 0.3155501 0.9285257 -0.3096324 0.4994539 1.469674
-0.1998973 0.3025119 0.9319483 -0.5523436 0.8358817 2.5751
0.1956227 -0.3155501 -0.9285257 0.5480729 -0.8840716 -2.601436
0.1998973 -0.3025119 -0.9319483 0.4070643 -0.6160252 -1.897788
-3.265503 15.6596 47.37211 1.088276 -5.218786 -15.78744
-0.05670657 0.318167 0.9463372 -0.04316882 0.2422099 0.7204148
-0.06024708 0.3050969 0.9504136 0.1138747 -0.5766723 -1.796404
0.05670657 -0.318167 -0.9463372 -0.1282967 0.719842 2.141056
0.06024708 -0.3050969 -0.9504136 -0.2090128 1.058461 3.297232
1.635155 37.86497 32.61217 6.636966 153.691 132.3703
0.04263555 0.7563026 0.6528313 0.1768115 3.136421 2.707321
0.03160627 0.7508048 0.6597674 0.06711745 1.59437 1.401048
-0.04263555 -0.7563026 -0.6528313 -0.02985391 -0.529572 -0.4571201
-0.03160627 -0.7508048 -0.6597674 0.06616445 1.571732 1.381155
0.2123654 34.10457 36.56235 -0.6210417 -99.73549 -106.923
0.01423438 0.6823934 0.7308465 0.006657886 0.3191778 0.3418409
0.004741025 0.6747563 0.7380254 -0.0108921 -1.550195 -1.69555
-0.01423438 -0.6823934 -0.7308465 0.06646622 3.186378 3.412626
-0.004741025 -0.6747563 -0.7380254 0.02837271 4.038086 4.416721
