6
21
0 0 0 0 0 0
-22.22907 13.13292 42.81788 50.397 -29.77451 -97.07528
-0.4364139 0.2678041 0.8589668 0.9693356 -0.5948299 -1.907884
-0.4408399 0.2544922 0.8607519 0.9788729 -0.5650929 -1.911276
0.4364139 -0.2678041 -0.8589668 -0.3238352 0.1987205 0.637385
0.4408399 -0.2544922 -0.8607519 -0.8453972 0.4880388 1.650661
-20.64575 -7.642767 44.89257 27.33774 10.12004 -59.44376
-0.4062054 -0.1466667 0.9019346 1.314133 0.4744882 -2.91789
-0.4067137 -0.160558 0.899336 0.5314056 0.2097825 -1.175058
0.4062054 0.1466667 -0.9019346 0.05088004 0.01837103 -0.1129736
0.4067137 0.160558 -0.899336 0.9598185 0.3789068 -2.122376
-8.721555 -3.827114 49.08452 -41.5546 -18.23462 233.8674
-0.1672431 -0.06981466 0.9834407 -0.7447602 -0.3108959 4.379419
-0.1676839 -0.08390016 0.9822642 -0.7959415 -0.3982471 4.662492
0.1672431 0.06981466 -0.9834407 0.6983105 0.2915057 -4.106281
0.1676839 0.08390016 -0.9822642 0.3522047 0.1762246 -2.063156
-4.783611 21.31101 44.97701 -27.18213 121.0965 255.5749
-0.08650227 0.4301022 0.8986264 -0.3368733 1.674984 3.499599
-0.09178643 0.4180398 0.9037799 -0.5413005 2.465344 5.329943
0.08650227 -0.4301022 -0.8986264 0.5150434 -2.560873 -5.350515
0.09178643 -0.4180398 -0.9037799 0.391461 -1.782902 -3.854541
