6
26
0 0 0 0 0 0
-21.38711 18.28762 41.32956 28.78525 -24.61361 -55.62611
-0.4191842 0.3703706 0.8289211 0.4163154 -0.3678358 -0.8232481
-0.4247575 0.3576653 0.8316589 -0.1658846 0.1396824 0.3247956
0.4191842 -0.3703706 -0.8289211 -1.261214 1.114347 2.494004
0.4247575 -0.3576653 -0.8316589 -0.9722843 0.8187078 1.903695
-24.74075 3.869047 43.27734 81.58559 -12.75864 -142.7122
-0.4874881 0.08314648 0.8691617 1.344261 -0.2292785 -2.396735
-0.4900794 0.06924655 0.8689229 1.604925 -0.2267705 -2.845572
0.4874881 -0.08314648 -0.8691617 -1.544334 0.2634032 2.753453
0.4900794 -0.06924655 -0.8689229 -0.6918812 0.09776045 1.226722
-13.453 6.503111 47.71507 -50.81529 24.56386 180.2316
-0.2610675 0.1359053 0.9557058 -0.7825564 0.4073796 2.864753
-0.263653 0.1220506 0.956865 -1.040817 0.4818164 3.777394
0.2610675 -0.1359053 -0.9557058 1.011506 -0.526565 -3.702881
0.263653 -0.1220506 -0.956865 0.5423127 -0.2510482 -1.968193
-9.907086 33.65923 35.62141 47.94183 -162.8819 -172.3772
-0.1883363 0.6747446 0.7136169 0.8594794 -3.079221 -3.256616
-0.1978214 0.6659325 0.7193056 0.9552365 -3.215643 -3.47337
0.1883363 -0.6747446 -0.7136169 -0.8313273 2.978362 3.149946
0.1978214 -0.6659325 -0.7193056 -0.351981 1.184885 1.279851
-1.249237 33.98696 36.65103 7.245086 -197.1112 -212.5617
-0.01500042 0.6802558 0.7328213 0.07634056 -3.461977 -3.729496
-0.02446953 0.6723953 0.7397877 0.149502 -4.108149 -4.519898
0.01500042 -0.6802558 -0.7328213 -0.08802815 3.992 4.300474
0.02446953 -0.6723953 -0.7397877 -0.07001446 1.923919 2.116749
