6
26
0 0 0 0 0 0
-3.344989 42.47258 -26.17016 0 0 0
-0.06095643 0.853965 -0.5167475 -0.04626048 0.6480832 -0.3921652
-0.07491267 0.8520769 -0.518028 -0.05667226 0.6446055 -0.3918938
0.06095643 -0.853965 0.5167475 -0.0295414 0.4138583 -0.2504321
0.07491267 -0.8520769 0.518028 -0.03650551 0.4152235 -0.2524389
-13.84444 3.335653 47.9292 -3.916072 0.9435311 13.55737
-0.2691464 0.07279173 0.9603445 0.195237 -0.05280261 -0.6966273
-0.2711653 0.0588006 0.9607351 -0.2694498 0.05842861 0.9546573
0.2691464 -0.07279173 -0.9603445 0.3335492 -0.09020972 -1.190141
0.2711653 -0.0588006 -0.9607351 0.5903687 -0.128018 -2.091669
-3.573014 3.767747 49.72967 6.261438 -6.602693 -87.14749
-0.06388719 0.08188492 0.994592 0.09998335 -0.1281498 -1.556535
-0.06496193 0.06781908 0.9955805 0.08222359 -0.08583994 -1.260126
0.06388719 -0.08188492 -0.994592 -0.1074677 0.1377425 1.67305
0.06496193 -0.06781908 -0.9955805 -0.1173282 0.1224885 1.798125
-2.118734 29.49544 40.31759 6.274461 -87.34837 -119.3973
-0.03258514 0.5917454 0.8054661 0.09509729 -1.726964 -2.350692
-0.04036922 0.5820255 0.8121678 0.1209235 -1.74342 -2.432797
0.03258514 -0.5917454 -0.8054661 -0.08139347 1.478103 2.01195
0.04036922 -0.5820255 -0.8121678 -0.05130847 0.7397426 1.032249
9.293879 30.12041 38.81179 26.26097 85.10885 109.6674
0.1954122 0.6031556 0.7733158 0.1476306 0.4556736 0.5842268
0.1882084 0.5944378 0.7818064 0.3803924 1.201432 1.580127
-0.1954122 -0.6031556 -0.7733158 -0.7602317 -2.346517 -3.008508
-0.1882084 -0.5944378 -0.7818064 -0.8097607 -2.55755 -3.363697
