6
26
0 0 0 0 0 0
7.786677 20.48699 -44.94027 0 0 0
0.1619151 0.4164079 -0.894644 0.2516833 0.6472708 -1.390648
0.148028 0.4159253 -0.8972702 0.2308298 0.6485796 -1.399172
-0.1619151 -0.4164079 0.894644 0.1628262 0.418751 -0.8996781
-0.148028 -0.4159253 0.8972702 0.148046 0.4159759 -0.8973794
-18.14557 -41.52327 -21.13188 0 0 0
-0.356259 -0.8359113 -0.4175306 -0.2632937 -0.6177815 -0.3085766
-0.3563505 -0.8294657 -0.4301174 -0.2646146 -0.615935 -0.3193916
0.356259 0.8359113 0.4175306 -0.1698439 -0.3985146 -0.1990547
0.3563505 0.8294657 0.4301174 -0.1684892 -0.392187 -0.2033676
-12.58633 -48.36947 -1.407868 -16.18024 -62.18094 -1.809872
-0.2460057 -0.9690594 -0.02012768 -0.3027285 -1.1925 -0.02476862
-0.2438989 -0.9692006 -0.03411057 -0.2867264 -1.139388 -0.04010023
0.2460057 0.9690594 0.02012768 0.1033171 0.4069842 0.008453192
0.2438989 0.9692006 0.03411057 0.2765171 1.098818 0.0386724
-1.833256 27.68907 41.59244 2.25016 -33.9859 -51.05105
-0.02700396 0.5560848 0.8306868 0.04765423 -0.9813297 -1.465923
-0.03410404 0.5457623 0.8372457 0.01392412 -0.2228257 -0.3418336
0.02700396 -0.5560848 -0.8306868 -0.004287822 0.08829788 0.1319005
0.03410404 -0.5457623 -0.8372457 0.04767538 -0.7629426 -1.170419
3.023792 25.92917 42.64389 -7.715363 -66.15964 -108.8081
0.06984644 0.5212026 0.8505701 -0.2084304 -1.555332 -2.538205
0.06390373 0.5104294 0.8575419 -0.1343312 -1.072967 -1.802627
-0.06984644 -0.5212026 -0.8505701 0.119939 0.8949993 1.460583
-0.06390373 -0.5104294 -0.8575419 -0.02813426 -0.2247217 -0.3775415
