6
26
0 0 0 0 0 0
-1.644611 48.44488 -12.26291 0.3429364 -10.10179 2.557077
-0.02645209 0.9709333 -0.2378844 -0.008287664 0.3042017 -0.0745312
-0.04053441 0.970188 -0.2389396 -0.03391592 0.811775 -0.1999254
0.02645209 -0.9709333 0.2378844 -0.03852165 1.413951 -0.3464263
0.04053441 -0.970188 0.2389396 -0.0413847 0.9905397 -0.2439519
30.53211 -38.22659 10.32087 22.11393 -27.68693 7.475244
0.6162019 -0.7584854 0.2121202 0.287196 -0.3535106 0.0988638
0.6162194 -0.7621585 0.1984641 0.5932314 -0.7337263 0.1910604
-0.6162019 0.7584854 -0.2121202 -0.6114896 0.7526851 -0.210498
-0.6162194 0.7621585 -0.1984641 -0.4976223 0.6154741 -0.1602679
-6.410105 0.1349514 49.58724 0.5627574 -0.01184769 -4.353375
-0.1207884 0.00935019 0.9926343 -0.01224136 0.0009475998 0.100599
-0.1216018 -0.004767661 0.9925675 -0.03304731 -0.001295691 0.2697468
0.1207884 -0.00935019 -0.9926343 0.07644429 -0.00591753 -0.6282164
0.1216018 0.004767661 -0.9925675 0.08488074 0.003327933 -0.6928341
-2.847432 27.42393 41.71087 2.368139 -22.8078 -34.68991
-0.04729747 0.5509015 0.8332289 0.02367865 -0.2757992 -0.4171415
-0.05438261 0.5404587 0.8396112 -0.0005937582 0.005900817 0.009167012
0.04729747 -0.5509015 -0.8332289 0.04621452 -0.5382878 -0.8141509
0.05438261 -0.5404587 -0.8396112 0.07313017 -0.7267734 -1.129054
3.008 27.20093 41.8453 -6.887613 -62.28373 -95.81591
0.06966204 0.5462428 0.8347251 -0.1651483 -1.294982 -1.978889
0.06320545 0.5359113 0.8419051 -0.05540979 -0.4698128 -0.7380658
-0.06966204 -0.5462428 -0.8347251 -0.003776151 -0.02961003 -0.0452477
-0.06320545 -0.5359113 -0.8419051 -0.1121271 -0.950712 -1.493548
