6
26
0 0 0 0 0 0
6.178391 23.61156 -43.63827 0 0 0
0.1296109 0.4788233 -0.868291 0.1837681 0.6788969 -1.231102
0.1156959 0.4780369 -0.8706866 0.1643015 0.678867 -1.236475
-0.1296109 -0.4788233 0.868291 0.1194046 0.4411181 -0.799917
-0.1156959 -0.4780369 0.8706866 0.1062946 0.4391922 -0.7999357
6.19862 -49.55811 2.360702 -1.39138 11.12411 -0.5298974
0.1311866 -0.9898849 0.05401962 -0.07007239 0.5287398 -0.02885419
0.1307719 -0.9906092 0.03990284 0.04300127 -0.3257386 0.01312112
-0.1311866 0.9898849 -0.05401962 -0.06311582 0.4762481 -0.02598963
-0.1307719 0.9906092 -0.03990284 -0.1393607 1.05567 -0.04252359
-5.800205 -49.62018 -2.048901 -0.2486201 -2.12692 -0.08782411
-0.1093099 -0.9934389 -0.03362215 -0.09071626 -0.8244544 -0.027903
-0.1086558 -0.9929325 -0.04773935 -0.0899817 -0.8222821 -0.03953463
0.1093099 0.9934389 0.03362215 -0.05851868 -0.5318339 -0.01799949
0.1086558 0.9929325 0.04773935 -0.0583827 -0.5335201 -0.02565119
0.5973977 29.31175 40.50237 0.7375125 36.18658 50.00187
0.02169682 0.5879381 0.8086149 0.02306776 0.6250878 0.8597084
0.0141668 0.5782941 0.8157054 0.01862875 0.7604324 1.072618
-0.02169682 -0.5879381 -0.8086149 -0.02759988 -0.7478986 -1.028615
-0.0141668 -0.5782941 -0.8157054 -0.009148672 -0.3734522 -0.5267682
9.379327 27.5852 40.63316 6.810541 20.03024 29.50466
0.1967956 0.5535493 0.8092309 0.3633249 1.021965 1.494006
0.1909715 0.543552 0.8173622 0.07523493 0.2141371 0.3220071
-0.1967956 -0.5535493 -0.8092309 0.03535884 0.09945781 0.1453969
-0.1909715 -0.543552 -0.8173622 0.324209 0.9227785 1.387621
