6
26
0 0 0 0 0 0
-9.053061 44.75409 -20.37401 14.50361 -71.69907 32.64055
-0.1748612 0.8992957 -0.4008624 0.2652708 -1.364264 0.6081228
-0.1886933 0.8963675 -0.4011485 0.1709634 -0.8121436 0.363456
0.1748612 -0.8992957 0.4008624 -0.2960052 1.522329 -0.6785802
0.1886933 -0.8963675 0.4011485 -0.3384711 1.607871 -0.7195655
-1.784616 -25.51839 -42.96077 -0.6490253 -9.280474 -15.62388
-0.02631004 -0.5075494 -0.8612209 -0.01658782 -0.3199972 -0.5429782
-0.03913568 -0.5022092 -0.8638601 -0.0258888 -0.3322183 -0.5714554
0.02631004 0.5075494 0.8612209 0.02285335 0.440866 0.748071
0.03913568 0.5022092 0.8638601 0.0336668 0.4320297 0.7431429
-2.331028 -49.57174 6.100133 -2.275006 -48.38039 5.953529
-0.04010625 -0.9907603 0.1295592 -0.0471535 -1.164851 0.1523246
-0.03904409 -0.9925317 0.1155694 -0.03660031 -0.9304088 0.1083359
0.04010625 0.9907603 -0.1295592 0.02735504 0.6757621 -0.0883677
0.03904409 0.9925317 -0.1155694 -0.0003096385 -0.007871257 0.0009165217
-2.317868 32.34905 38.0545 0.6160362 -8.597638 -10.11402
-0.03642349 0.6480631 0.7607152 -0.004959688 0.08824498 0.1035845
-0.04528923 0.6394082 0.7675325 0.04815378 -0.679851 -0.8160791
0.03642349 -0.6480631 -0.7607152 -0.04626786 0.8232185 0.9663178
0.04528923 -0.6394082 -0.7675325 -0.07660935 1.081596 1.298326
5.995493 30.53284 39.13784 14.019 71.39363 91.51431
0.1296196 0.6115304 0.7805315 0.2108206 0.9946278 1.269501
0.1219472 0.6027627 0.7885467 0.3052334 1.508713 1.97373
-0.1296196 -0.6115304 -0.7805315 -0.3249159 -1.532916 -1.95655
-0.1219472 -0.6027627 -0.7885467 -0.2030115 -1.003449 -1.312732
