6
26
0 0 0 0 0 0
9.794171 25.17089 -42.07707 0 0 0
0.2018286 0.5096022 -0.8364034 0.263703 0.6658304 -1.092819
0.1880833 0.5094042 -0.8397213 0.2457438 0.6655716 -1.097154
-0.2018286 -0.5096022 0.8364034 0.1706023 0.4307581 -0.7069976
-0.1880833 -0.5094042 0.8397213 0.1589836 0.4305907 -0.7098022
8.815202 -49.00829 4.525716 -4.590291 25.51981 -2.356651
0.1834274 -0.9782106 0.09725431 -0.08184905 0.4364974 -0.04339685
0.1830784 -0.9795728 0.08318297 -0.105368 0.5637782 -0.04787469
-0.1834274 0.9782106 -0.09725431 0.1027732 -0.5480849 0.05449095
-0.1830784 0.9795728 -0.08318297 0.05674515 -0.3036186 0.02578256
6.486592 -48.88519 8.25621 -5.864367 44.19588 -7.464235
0.1365638 -0.9755664 0.1721062 -0.1156666 0.8262837 -0.1457702
0.1369045 -0.9778767 0.1581589 -0.1366093 0.9757677 -0.1578178
-0.1365638 0.9755664 -0.1721062 0.01026283 -0.07331425 0.01293386
-0.1369045 0.9778767 -0.1581589 0.09380782 -0.6700472 0.1083715
1.381607 33.2517 37.31481 -0.1501235 -3.613086 -4.054577
0.03759098 0.6654499 0.7454954 -0.01796979 -0.318108 -0.3563725
0.02847376 0.6575491 0.7528734 0.02673136 0.6173116 0.7068027
-0.03759098 -0.6654499 -0.7454954 -0.04781536 -0.8464458 -0.9482628
-0.02847376 -0.6575491 -0.7528734 -0.05635199 -1.301345 -1.49
9.760457 30.95182 38.03536 -18.54336 -58.80369 -72.26132
0.2048087 0.6193564 0.7579254 -0.5452194 -1.648783 -2.017666
0.197166 0.6111636 0.7665538 -0.1939109 -0.6010736 -0.7538986
-0.2048087 -0.6193564 -0.7579254 0.1308635 0.3957407 0.48428
-0.197166 -0.6111636 -0.7665538 -0.3176354 -0.9845874 -1.234922
