6
26
0 0 0 0 0 0
20.26179 16.53341 -42.61553 0 0 0
0.4112766 0.3366623 -0.8470597 0.5978595 0.4893951 -1.231343
0.3983722 0.3379298 -0.8527034 0.5772744 0.4896884 -1.235638
-0.4112766 -0.3366623 0.8470597 0.3806778 0.3116147 -0.7840387
-0.3983722 -0.3379298 0.8527034 0.3707738 0.3145188 -0.7936299
18.59858 -43.7385 15.52544 -0.7349852 1.728474 -0.6135401
0.3781773 -0.8698938 0.3166492 0.05639908 -0.1297307 0.04722314
0.3788381 -0.8743688 0.3032507 -0.2545696 0.5875536 -0.2037768
-0.3781773 0.8698938 -0.3166492 0.332432 -0.7646692 0.2783465
-0.3788381 0.8743688 -0.3032507 0.4605944 -1.063065 0.3686947
28.08828 -39.72729 11.52358 21.22304 -30.01728 8.707025
0.5675181 -0.7887431 0.2362363 0.336246 -0.4673186 0.1399665
0.567655 -0.7925931 0.2226297 0.4648404 -0.6490373 0.1823067
-0.5675181 0.7887431 -0.2362363 -0.4587858 0.6376258 -0.1909752
-0.567655 0.7925931 -0.2226297 -0.2613765 0.3649492 -0.1025098
-5.271907 31.17032 38.73754 -3.416193 20.19835 25.10191
-0.09557658 0.6250616 0.774702 -0.04308698 0.2817847 0.3492442
-0.1041205 0.6157427 0.7810377 0.02128348 -0.1258652 -0.1596535
0.09557658 -0.6250616 -0.774702 -0.08934345 0.5842975 0.7241789
0.1041205 -0.6157427 -0.7810377 -0.1425582 0.8430537 1.06937
4.089276 30.89363 39.10027 -5.550089 -41.92977 -53.06807
0.09157859 0.6187875 0.7802021 -0.1120857 -0.7573522 -0.9549122
0.08361161 0.6100397 0.7879471 0.002853953 0.02082276 0.02689536
-0.09157859 -0.6187875 -0.7802021 -0.0990911 -0.6695488 -0.8442048
-0.08361161 -0.6100397 -0.7879471 -0.1741406 -1.27055 -1.641083
