6
26
0 0 0 0 0 0
27.02798 38.02488 17.9884 2.537446 3.569859 1.68879
0.5426134 0.7551106 0.3679383 -0.3598126 -0.5007218 -0.2439837
0.5323825 0.7641394 0.364225 0.3286231 0.4716794 0.2248247
-0.5426134 -0.7551106 -0.3679383 -0.4414906 -0.6143862 -0.2993684
-0.5323825 -0.7641394 -0.364225 -0.8493403 -1.219075 -0.581069
19.30389 -45.73698 5.957449 -5.267425 12.48019 -1.625601
0.3929393 -0.9109775 0.1253746 -0.0714747 0.1657046 -0.02280532
0.3922013 -0.9131073 0.1114139 0.09691791 -0.2256404 0.0275318
-0.3929393 0.9109775 -0.1253746 -0.2476544 0.5741537 -0.07901871
-0.3922013 0.9131073 -0.1114139 -0.3430816 0.7987488 -0.09746034
-3.784504 2.105511 49.81211 -1.412128 0.7856383 18.5866
-0.06823564 0.04877121 0.9964764 0.01320803 -0.009440398 -0.1928829
-0.06906019 0.03466394 0.9970101 -0.07548791 0.03789026 1.089806
0.06823564 -0.04877121 -0.9964764 0.0858135 -0.06133493 -1.253174
0.06906019 -0.03466394 -0.9970101 0.1190263 -0.05974384 -1.718362
1.032326 26.44061 42.4241 -1.873988 -47.99784 -77.01276
0.03014175 0.5313381 0.8466234 -0.05677262 -1.000787 -1.594633
0.02377145 0.5206935 0.8534127 -0.02279091 -0.4992155 -0.8182105
-0.03014175 -0.5313381 -0.8466234 0.01149761 0.2026797 0.3229457
-0.02377145 -0.5206935 -0.8534127 -0.0219641 -0.481105 -0.7885274
11.06625 26.53532 40.90701 9.913826 23.77198 36.64702
0.2302393 0.5329631 0.8142114 0.3899712 0.902714 1.379082
0.2252465 0.5225205 0.8223358 0.4918639 1.141012 1.795709
-0.2302393 -0.5329631 -0.8142114 0.2329277 0.5391863 0.8237186
-0.2252465 -0.5225205 -0.8223358 0.08807914 0.2043235 0.3215616
