6
26
0 0 0 0 0 0
0.1350441 29.19091 -40.59374 0 0 0
0.008527037 0.5903803 -0.8070801 0.009619148 0.6659939 -0.910448
-0.005426024 0.5885345 -0.8084539 -0.00614049 0.6660291 -0.914906
-0.008527037 -0.5903803 0.8070801 0.006232004 0.4314807 -0.5898564
0.005426024 -0.5885345 0.8084539 -0.003943935 0.4277795 -0.587629
-21.08634 -43.97179 -11.03855 0 0 0
-0.4173742 -0.8834844 -0.2127301 -0.3617285 -0.7656953 -0.1843682
-0.4137401 -0.8818218 -0.2262951 -0.359531 -0.7662835 -0.1966454
0.4173742 0.8834844 0.2127301 -0.2340198 -0.4953656 -0.1192768
0.4137401 0.8818218 0.2262951 -0.2309208 -0.4921712 -0.1263021
-7.345321 3.642123 49.32324 -1.835006 0.9098741 12.32192
-0.1391967 0.07917937 0.9870942 0.05318462 -0.03025305 -0.3771514
-0.1406938 0.06514097 0.9879079 -0.0754773 0.03494586 0.5299782
0.1391967 -0.07917937 -0.9870942 0.0993545 -0.05651589 -0.7045587
0.1406938 -0.06514097 -0.9879079 0.1707858 -0.07907353 -1.199205
-1.243935 28.18288 41.28139 -2.670372 60.50056 88.61932
-0.01518732 0.5657965 0.824405 -0.02345335 0.8737435 1.273105
-0.02242235 0.5556611 0.8311065 -0.05483213 1.358827 2.032408
0.01518732 -0.5657965 -0.824405 0.0372315 -1.387042 -2.021017
0.02242235 -0.5556611 -0.8311065 0.03636056 -0.901072 -1.34774
2.266056 31.47646 38.78232 -7.482109 -103.9296 -128.0522
0.05518842 0.630419 0.7742907 -0.1762799 -2.01365 -2.473197
0.04686267 0.6217864 0.7817835 -0.1464315 -1.942892 -2.442834
-0.05518842 -0.630419 -0.7742907 0.1540571 1.759799 2.161413
-0.04686267 -0.6217864 -0.7817835 0.0394788 0.5238153 0.6586027
