6
26
0 0 0 0 0 0
11.52697 22.36863 -43.20591 0 0 0
0.2365851 0.4536428 -0.8592064 0.2991745 0.5736557 -1.086512
0.2229132 0.4537088 -0.8628198 0.2803917 0.5706983 -1.085299
-0.2365851 -0.4536428 0.8592064 0.1918799 0.3679224 -0.6968505
-0.2229132 -0.4537088 0.8628198 0.1824546 0.3713609 -0.7062186
-6.667298 -49.34483 -4.542865 5.510353 40.78225 3.754563
-0.1265678 -0.9884233 -0.08366575 0.02990307 0.2335261 0.01976698
-0.1261032 -0.9871898 -0.0977456 0.1117075 0.8744939 0.08658714
0.1265678 0.9884233 0.08366575 0.100029 0.7811703 0.06612269
0.1261032 0.9871898 0.0977456 0.0129254 0.1011856 0.01001879
-8.965084 -3.141508 49.08932 -7.630971 -2.674014 41.78423
-0.1720612 -0.05614563 0.9834849 -0.1067862 -0.03484561 0.6103793
-0.1726231 -0.07024013 0.9824803 -0.1923305 -0.07825905 1.094645
0.1720612 0.05614563 -0.9834849 0.1960937 0.06398772 -1.120852
0.1726231 0.07024013 -0.9824803 0.1499161 0.06100066 -0.8532437
-4.621078 22.18257 44.57078 10.51399 -50.47031 -101.4085
-0.08317802 0.4473501 0.8904826 0.1847698 -0.9937333 -1.978098
-0.08870652 0.4354778 0.8958182 0.1841101 -0.9038327 -1.859267
0.08317802 -0.4473501 -0.8904826 -0.1482226 0.7971741 1.586833
0.08870652 -0.4354778 -0.8958182 -0.04105854 0.2015645 0.4146369
4.110814 20.92975 45.22181 -8.781604 -44.71056 -96.60374
0.0909474 0.4226435 0.9017211 -0.1982901 -0.9214776 -1.965997
0.08701077 0.410457 0.9077192 -0.2683097 -1.265701 -2.799077
-0.0909474 -0.4226435 -0.9017211 -0.05158152 -0.2397055 -0.5114181
-0.08701077 -0.410457 -0.9077192 0.1020646 0.4814707 1.064765
