6
21
0 0 0 0 0 0
-13.89855 15.11065 45.59031 30.70066 -33.37809 -100.705
-0.2693113 0.3071198 0.9127699 0.5831625 -0.6650322 -1.976497
-0.2737755 0.2940355 0.9157456 0.5928502 -0.6367225 -1.983012
0.2693113 -0.3071198 -0.9127699 -0.1951055 0.2224962 0.6612659
0.2737755 -0.2940355 -0.9157456 -0.5111884 0.5490176 1.709863
-20.68286 8.260055 44.76598 -81.72144 32.63686 176.8779
-0.4057475 0.1707512 0.8978937 -1.306925 0.5499946 2.892142
-0.4090924 0.1570463 0.898877 -1.635775 0.6279568 3.594201
0.4057475 -0.1707512 -0.8978937 1.579409 -0.6646647 -3.495133
0.4090924 -0.1570463 -0.898877 0.7711221 -0.2960257 -1.694346
-13.9298 1.225111 48.00481 30.15658 -2.652238 -103.9255
-0.2710162 0.03071387 0.9620847 0.8041608 -0.09113438 -2.854703
-0.2726669 0.01666964 0.9619641 -0.03639852 0.002225244 0.1284134
0.2710162 -0.03071387 -0.9620847 0.2402339 -0.02722537 -0.8528103
0.2726669 -0.01666964 -0.9619641 0.9945147 -0.06080022 -3.508631
-14.63096 28.38137 38.4761 72.86948 -141.3534 -191.6302
-0.2831563 0.5705479 0.770907 1.299843 -2.619128 -3.538888
-0.2911446 0.5599144 0.775713 1.634843 -3.144047 -4.355805
0.2831563 -0.5705479 -0.770907 -1.518038 3.058781 4.132933
0.2911446 -0.5599144 -0.775713 -0.8774605 1.687487 2.337868
