6
21
0 0 0 0 0 0
1.220127 48.60962 -11.64507 1.268664 50.54329 -12.10831
0.03071373 0.973802 -0.2253139 0.01994948 0.6325133 -0.1463481
0.01664992 0.9738005 -0.2267938 0.005199616 0.3041089 -0.0708256
-0.03071373 -0.973802 0.2253139 -0.04864396 -1.542293 0.3568489
-0.01664992 -0.9738005 0.2267938 -0.02441053 -1.427694 0.3325035
-17.76879 -5.822495 46.37209 -2.730308 -0.89467 7.125419
-0.3484051 -0.1101426 0.9308504 -0.02198077 -0.006948863 0.05872707
-0.3491113 -0.1241203 0.9288248 0.050177 0.01783954 -0.1334979
0.3484051 0.1101426 -0.9308504 -0.1395327 -0.04411099 0.3727962
0.3491113 0.1241203 -0.9288248 -0.178699 -0.06353326 0.4754359
-6.304182 0.9279833 49.59232 0.87471 -0.1287584 -6.880972
-0.1186144 0.02516282 0.9926215 0.05001041 -0.01060919 -0.4185109
-0.1195424 0.01105263 0.9927676 -0.07018374 0.006489039 0.5828574
0.1186144 -0.02516282 -0.9926215 0.09627864 -0.02042452 -0.8057055
0.1195424 -0.01105263 -0.9927676 0.1630295 -0.01507336 -1.353917
-1.902228 26.46588 42.37824 -0.2887298 4.017127 6.432384
-0.0284794 0.5319447 0.8463001 -0.009971713 0.1862539 0.2963216
-0.0351468 0.5212346 0.8526893 0.04343557 -0.6441591 -1.053782
0.0284794 -0.5319447 -0.8463001 -0.05140458 0.9601464 1.52755
0.0351468 -0.5212346 -0.8526893 -0.08843928 1.311574 2.145607
