6
26
0 0 0 0 0 0
2.689341 47.89763 -14.09161 6.129978 109.176 -32.11985
0.05990043 0.9598216 -0.274143 0.1450327 2.323949 -0.6637633
0.04589163 0.9600434 -0.2760627 0.1103162 2.307792 -0.6636108
-0.05990043 -0.9598216 0.274143 -0.07533746 -1.207179 0.3447928
-0.04589163 -0.9600434 0.2760627 -0.07982025 -1.669823 0.4801614
33.59305 -35.75991 9.630028 -4.557936 4.851937 -1.306611
0.6770409 -0.7087488 0.198219 -0.07779405 0.08143738 -0.02277597
0.6770877 -0.712385 0.1845532 -0.2797616 0.2943459 -0.07625437
-0.6770409 0.7087488 -0.198219 0.3488351 -0.3651722 0.1021294
-0.6770877 0.712385 -0.1845532 0.3796389 -0.3994298 0.1034778
-10.97164 -4.301671 48.59137 -8.016001 -3.142849 35.5014
-0.2122525 -0.07941589 0.9739826 -0.1135344 -0.04247975 0.5209857
-0.2128052 -0.09347995 0.9726127 -0.2165849 -0.09514029 0.9898877
0.2122525 0.07941589 -0.9739826 0.2237796 0.08372883 -1.026878
0.2128052 0.09347995 -0.9726127 0.1807939 0.07941818 -0.8263069
-7.378826 21.40694 44.57881 -9.086844 26.36213 54.89772
-0.1383717 0.432026 0.8911828 -0.1598273 0.499015 1.029367
-0.1439357 0.4199709 0.8960508 -0.2852918 0.8324149 1.776042
0.1383717 -0.432026 -0.8911828 0.295272 -0.9219022 -1.901699
0.1439357 -0.4199709 -0.8960508 0.263569 -0.7690328 -1.64081
-6.764596 24.49479 43.06056 -7.961351 28.82828 50.6786
-0.1258467 0.4931524 0.8607922 -0.1384456 0.5425236 0.9469691
-0.1322761 0.4817969 0.8662418 0.09895039 -0.3604126 -0.6480001
0.1258467 -0.4931524 -0.8607922 -0.2434322 0.9539319 1.665078
0.1322761 -0.4817969 -0.8662418 -0.4126671 1.50308 2.702448
