6
21
0 0 0 0 0 0
7.900951 32.74574 -36.9496 0.288535 1.195842 -1.349363
0.1637227 0.6603831 -0.7328635 0.164133 0.6620378 -0.7346999
0.149957 0.6600679 -0.7360865 0.1502535 0.6613729 -0.7375418
-0.1637227 -0.6603831 0.7328635 0.1051141 0.4239825 -0.4705168
-0.149957 -0.6600679 0.7360865 0.09636724 0.424181 -0.4730331
-21.98896 1.404379 44.88336 -32.96744 2.105546 67.29237
-0.4324567 0.03401888 0.9010127 -0.5946605 0.04677852 1.23896
-0.4345266 0.02004167 0.9004359 -0.6142008 0.02832878 1.272761
0.4324567 -0.03401888 -0.9010127 0.5730087 -0.04507529 -1.193849
0.4345266 -0.02004167 -0.9004359 0.1815275 -0.008372593 -0.3761654
-9.592303 0.1756743 49.07096 -9.232526 0.1690853 47.23046
-0.1843543 0.009989194 0.9828091 -0.284416 0.01541101 1.516247
-0.1854859 -0.004105851 0.9826384 -0.01902482 -0.0004211268 0.1007867
0.1843543 -0.009989194 -0.9828091 -0.02703472 0.00146487 0.1441245
0.1854859 0.004105851 -0.9826384 -0.2914573 -0.006451597 1.544037
-0.9957879 21.67619 45.04582 -1.509613 32.86107 68.2894
-0.01081659 0.4373178 0.899242 -0.004050236 0.1637523 0.3367183
-0.01577087 0.42534 0.9048963 -0.03271729 0.882385 1.877244
0.01081659 -0.4373178 -0.899242 -0.01953494 0.7898034 1.624046
0.01577087 -0.42534 -0.9048963 0.0005964853 -0.0160872 -0.03422496
