6
26
0 0 0 0 0 0
2.681535 48.51372 -11.79912 1.68791 30.53729 -7.427036
0.05983702 0.9717544 -0.2282828 0.0675456 1.096942 -0.2576916
0.04580812 0.9721051 -0.2300285 0.07300718 1.549303 -0.3666104
-0.05983702 -0.9717544 0.2282828 0.05051937 0.8204355 -0.1927352
-0.04580812 -0.9721051 0.2300285 0.01236324 0.2623634 -0.06208285
16.66982 -46.08961 -9.892773 0 0 0
0.3415574 -0.9199624 -0.1923742 0.2786085 -0.7504139 -0.1569197
0.3380703 -0.9183036 -0.2059782 0.2753269 -0.7478732 -0.1677501
-0.3415574 0.9199624 0.1923742 0.1786896 -0.4812888 -0.1006427
-0.3380703 0.9183036 0.2059782 0.1773522 -0.4817435 -0.1080565
-6.37249 -3.537717 49.46592 3.427332 1.902699 -26.60438
-0.1202993 -0.0638978 0.9906791 0.06901509 0.03665783 -0.5683473
-0.1205638 -0.07799827 0.9896366 0.0618946 0.04004245 -0.5080559
0.1202993 0.0638978 -0.9906791 -0.031724 -0.01685041 0.2612508
0.1205638 0.07799827 -0.9896366 -0.06357267 -0.04112808 0.5218301
-0.3924422 21.36835 45.20191 -0.1928004 10.49792 22.20695
0.001194879 0.4312354 0.9022386 0.00129501 0.467373 0.9778463
-0.003582076 0.4191861 0.9078933 0.0002344812 -0.02743975 -0.05943033
-0.001194879 -0.4312354 -0.9022386 -0.001855723 -0.669736 -1.401234
0.003582076 -0.4191861 -0.9078933 0.004346877 -0.5086856 -1.101736
8.839626 20.85377 44.57516 19.96072 47.08979 100.655
0.1850619 0.4213282 0.8878258 0.4453191 1.013853 2.136398
0.1821102 0.4090351 0.8941622 0.191367 0.4298266 0.939613
-0.1850619 -0.4213282 -0.8878258 -0.4705615 -1.071322 -2.257497
-0.1821102 -0.4090351 -0.8941622 -0.4887873 -1.097858 -2.399948
