6
21
0 0 0 0 0 0
7.807026 27.28167 -41.16721 0 0 0
0.1620308 0.5517799 -0.8180984 0.1696408 0.577695 -0.8565217
0.1482104 0.5512773 -0.8210524 0.1555024 0.5784003 -0.8614484
-0.1620308 -0.5517799 0.8180984 0.1102253 0.3753614 -0.556531
-0.1482104 -0.5512773 0.8210524 0.1004583 0.3736604 -0.5565163
0.4787354 -49.98048 -1.313255 0.3541112 -36.96959 -0.9713892
0.01677313 -0.9996726 -0.01932456 0.01181775 -0.7043335 -0.01361539
0.01651371 -0.9993036 -0.03345878 0.01705504 -1.032061 -0.03455558
-0.01677313 0.9996726 0.01932456 0.003576496 -0.2131579 -0.004120531
-0.01651371 0.9993036 0.03345878 -0.007027256 0.4252445 0.01423808
-7.2827 0.3069536 49.46585 -2.665114 0.1123301 18.10209
-0.1382011 0.01272967 0.9903224 0.02060244 -0.001897686 -0.1476331
-0.1391326 -0.001380952 0.9902728 -0.1231961 -0.001222775 0.8768452
0.1382011 -0.01272967 -0.9903224 0.1389445 -0.01279814 -0.9956494
0.1391326 0.001380952 -0.9902728 0.1908953 0.00189472 -1.358693
-0.8908553 22.8882 44.44448 -1.746533 44.8726 87.13399
-0.008602169 0.461269 0.8872187 -0.01897589 1.017533 1.957153
-0.01393571 0.4495819 0.8931304 -0.03104635 1.001591 1.98974
0.008602169 -0.461269 -0.8872187 0.009171459 -0.4917957 -0.9459345
0.01393571 -0.4495819 -0.8931304 0.01792077 -0.5781446 -1.14853
