6
26
0 0 0 0 0 0
16.94099 28.572 -37.37143 0 0 0
0.3442832 0.5766731 -0.7408895 0.4003773 0.6706306 -0.8616029
0.3311561 0.5777129 -0.7460452 0.3877722 0.6764816 -0.8735929
-0.3442832 -0.5766731 0.7408895 0.260148 0.435747 -0.5598326
-0.3311561 -0.5777129 0.7460452 0.2472621 0.4313569 -0.5570444
17.14112 -46.96794 -0.4423771 0 0 0
0.3502457 -0.9366539 -0.002718257 0.3066452 -0.820054 -0.002379873
0.3485388 -0.9371447 -0.01674769 0.3043427 -0.818311 -0.01462402
-0.3502457 0.9366539 0.002718257 0.1969531 -0.5267071 -0.001528553
-0.3485388 0.9371447 0.01674769 0.1968941 -0.5294053 -0.009460992
-4.761893 2.581673 49.70575 -3.677298 1.993657 38.3845
-0.08770188 0.05819793 0.9944453 -0.0644047 0.0427382 0.7302802
-0.08872428 0.04410777 0.9950792 -0.03195973 0.01588824 0.3584414
0.08770188 -0.05819793 -0.9944453 -0.002892797 0.001919626 0.03280121
0.08872428 -0.04410777 -0.9950792 -0.04273233 0.02124365 0.4792606
-0.8022519 27.98042 41.42981 1.356627 -47.31557 -70.05881
-0.006375335 0.5617791 0.8272627 0.01003627 -0.8843718 -1.302305
-0.01349949 0.5515922 0.8340047 0.01544706 -0.6311704 -0.9543266
0.006375335 -0.5617791 -0.8272627 -0.00168646 0.1486067 0.2188348
0.01349949 -0.5515922 -0.8340047 0.00560112 -0.228863 -0.3460397
4.524998 27.39377 41.58213 7.256631 43.93073 66.68427
0.09996045 0.5499759 0.8291769 0.104197 0.5732854 0.8643197
0.09359387 0.5397606 0.8365995 0.2701148 1.557766 2.414452
-0.09996045 -0.5499759 -0.8291769 -0.316168 -1.739536 -2.622629
-0.09359387 -0.5397606 -0.8365995 -0.2871684 -1.656115 -2.566888
