6
26
0 0 0 0 0 0
30.99366 -9.259099 -38.1266 -39.01712 11.65604 47.9966
0.6269196 -0.179651 -0.7580879 -0.7962629 0.2281783 0.9628624
0.6164507 -0.1770457 -0.767231 -0.7585796 0.2178653 0.9441239
-0.6269196 0.179651 0.7580879 0.6524001 -0.1869528 -0.7888997
-0.6164507 0.1770457 0.767231 0.2215149 -0.06361946 -0.2756962
-3.791104 -49.44975 -6.352182 2.732954 35.64764 4.5792
-0.06858078 -0.9903676 -0.1202855 0.05130722 0.740922 0.08998898
-0.06896015 -0.988538 -0.1343029 0.03827807 0.5487129 0.07454823
0.06858078 0.9903676 0.1202855 -0.03341276 -0.48251 -0.05860345
0.06896015 0.988538 0.1343029 0.004936798 0.07076859 0.009614634
-6.364326 1.295658 49.57639 5.415279 -1.10245 -42.18357
-0.1197876 0.03248662 0.9922679 0.1202719 -0.03261796 -0.9962797
-0.1207815 0.01838223 0.9925089 0.07314258 -0.01113186 -0.6010411
0.1197876 -0.03248662 -0.9922679 -0.05995845 0.01626085 0.4966696
0.1207815 -0.01838223 -0.9925089 0.03466383 -0.005275629 -0.2848462
-2.033252 27.02215 42.01959 3.827332 -50.86568 -79.09642
-0.03105314 0.5429311 0.8392029 0.04698492 -0.8214813 -1.269755
-0.03792963 0.532389 0.8456496 0.076903 -1.079428 -1.71457
0.03105314 -0.5429311 -0.8392029 -0.06188867 1.082058 1.672525
0.03792963 -0.532389 -0.8456496 -0.04161402 0.5841039 0.9277939
4.258877 27.36615 41.62841 -14.36094 -92.27869 -140.3711
0.09464662 0.5494434 0.830153 -0.291762 -1.693739 -2.559067
0.08826118 0.5392095 0.8375339 -0.2761171 -1.686869 -2.620149
-0.09464662 -0.5494434 -0.830153 0.2786306 1.617509 2.443891
-0.08826118 -0.5392095 -0.8375339 0.07586378 0.4634707 0.7198916
