6
26
0 0 0 0 0 0
12.79177 22.70145 -42.67308 0 0 0
0.2618298 0.4601792 -0.8483397 0.3508877 0.6167028 -1.136891
0.2482492 0.4604347 -0.8522747 0.3326878 0.6170453 -1.142164
-0.2618298 -0.4601792 0.8483397 0.2243939 0.3943837 -0.7270458
-0.2482492 -0.4604347 0.8522747 0.2127551 0.3946027 -0.7304183
10.21591 -48.73202 4.563756 1.857133 -8.858914 0.8296378
0.2114541 -0.972469 0.09793509 0.07907259 -0.3636517 0.03662251
0.2109971 -0.9738818 0.08387184 -0.04708124 0.217309 -0.0187149
-0.2114541 0.972469 -0.09793509 0.07236082 -0.3327845 0.03351396
-0.2109971 0.9738818 -0.08387184 0.1579279 -0.7289349 0.06277673
-5.96922 -49.44739 4.39622 0 0 0
-0.113104 -0.988963 0.09570571 -0.08986565 -0.7857706 0.07604201
-0.1116844 -0.990379 0.08170716 -0.08845563 -0.7843941 0.06471322
0.113104 0.988963 -0.09570571 -0.05771922 -0.5046875 0.04884053
0.1116844 0.990379 -0.08170716 -0.05730818 -0.5081893 0.04192607
2.973097 31.26039 38.90921 5.532244 58.16833 72.40102
0.06930386 0.6261001 0.7766567 0.1307376 1.181101 1.465117
0.06110872 0.6174296 0.784249 0.08866794 0.8958821 1.137935
-0.06930386 -0.6261001 -0.7766567 -0.08541026 -0.7716076 -0.957154
-0.06110872 -0.6174296 -0.784249 0.006292871 0.06358183 0.08076061
9.90649 28.79156 39.6595 13.97972 40.62973 55.96621
0.207469 0.5771289 0.78986 0.01738418 0.0483586 0.06618369
0.201068 0.5677385 0.798276 0.3773667 1.065538 1.498213
-0.207469 -0.5771289 -0.78986 -0.4534389 -1.261358 -1.726298
-0.201068 -0.5677385 -0.798276 -0.5310166 -1.499386 -2.108231
