6
26
0 0 0 0 0 0
-10.08527 45.2892 -18.63235 12.66623 -56.87931 23.40062
-0.1954207 0.9098568 -0.3660209 0.2028021 -0.9442237 0.3798462
-0.2092155 0.9067461 -0.3661151 0.05674494 -0.2459343 0.09930042
0.1954207 -0.9098568 0.3660209 -0.3817097 1.777197 -0.7149382
0.2092155 -0.9067461 0.3661151 -0.3593431 1.557404 -0.62883
14.47322 -47.80047 2.375517 13.44399 -44.40126 2.206588
0.2967389 -0.9534379 0.05387124 0.2715301 -0.8724407 0.04929473
0.295653 -0.9544656 0.03980907 0.2293545 -0.7404321 0.03088211
-0.2967389 0.9534379 -0.05387124 -0.2061945 0.6625139 -0.03743342
-0.295653 0.9544656 -0.03980907 -0.01434387 0.04630676 -0.001931373
-6.54584 -0.6942729 49.56483 8.586228 0.9106832 -65.01456
-0.1235595 -0.007189652 0.9923111 0.120277 0.006998651 -0.9659491
-0.1242586 -0.0213108 0.992021 0.1815403 0.03113483 -1.449331
0.1235595 0.007189652 -0.9923111 -0.1799301 -0.01046973 1.445025
0.1242586 0.0213108 -0.992021 -0.113406 -0.01944955 0.9053794
0.3745937 22.13303 44.83261 -0.138234 -8.167615 -16.5443
0.01658053 0.4463483 0.8947057 0.002398857 0.06457729 0.1294452
0.01165994 0.4344767 0.9006076 0.004979109 0.1855332 0.3845836
-0.01658053 -0.4463483 -0.8947057 0.0200567 0.539927 1.082284
-0.01165994 -0.4344767 -0.9006076 0.01166089 0.434512 0.9006807
7.861565 20.90104 44.73597 21.66695 57.60454 123.295
0.1656175 0.4222111 0.8912399 0.446176 1.137443 2.401014
0.1624282 0.4099525 0.8975278 0.3157094 0.796819 1.744512
-0.1656175 -0.4222111 -0.8912399 -0.3878486 -0.9887483 -2.087136
-0.1624282 -0.4099525 -0.8975278 -0.4590683 -1.158642 -2.536669
