6
26
0 0 0 0 0 0
41.56779 27.47525 -4.148787 0 0 0
0.8306282 0.5519798 -0.07331456 0.9808687 0.6518196 -0.08657539
0.8258029 0.557451 -0.08542919 0.9725847 0.6565347 -0.1006138
-0.8306282 -0.5519798 0.07331456 0.630924 0.4192698 -0.05568787
-0.8258029 -0.557451 0.08542919 0.6301132 0.4253523 -0.06518512
20.48388 18.61042 -41.64211 -22.27496 -20.23769 45.28324
0.4155531 0.3780749 -0.8272696 -0.5458199 -0.4965931 1.086601
0.4026968 0.3793661 -0.8330166 -0.4599989 -0.4333483 0.9515515
-0.4155531 -0.3780749 0.8272696 0.3398283 0.3091796 -0.6765192
-0.4026968 -0.3793661 0.8330166 0.4848602 0.4567693 -1.00298
30.02802 39.979 -1.788139E-05 20.68391 27.53835 -1.231707E-05
0.6020907 0.7983675 0.0098068 0.1872382 0.2482764 0.00304972
0.5926884 0.8054295 0.001951457 0.5391634 0.7326919 0.001775223
-0.6020907 -0.7983675 -0.0098068 -0.5759389 -0.7636904 -0.009380841
-0.5926884 -0.8054295 -0.001951457 -0.531818 -0.72271 -0.001751038
-5.61881 13.93022 47.69015 1.409558 -3.494592 -11.96375
-0.1038499 0.2837989 0.9532436 -0.009886681 0.02701812 0.09075035
-0.1072608 0.2705224 0.9567198 0.06991164 -0.1763241 -0.6235813
0.1038499 -0.2837989 -0.9532436 0.08895446 -0.2430929 -0.8165175
0.1072608 -0.2705224 -0.9567198 0.02362246 -0.05957818 -0.210702
1.192715 14.10595 47.95375 0.6962973 8.23494 27.99502
0.03205052 0.2875427 0.9572314 -0.003461535 -0.03105531 -0.1033833
0.02957516 0.2742021 0.9612172 0.04444233 0.4120411 1.444412
-0.03205052 -0.2875427 -0.9572314 0.0589599 0.5289614 1.760916
-0.02957516 -0.2742021 -0.9612172 0.01206243 0.1118352 0.392039
