6
26
0 0 0 0 0 0
-11.80575 12.70777 46.89469 -19.39196 20.8736 77.02856
-0.2276186 0.259385 0.9385676 -0.3193704 0.3639415 1.316899
-0.2313708 0.246016 0.9412459 -0.566759 0.6026334 2.305648
0.2276186 -0.259385 -0.9385676 -0.2038858 0.23234 0.8407071
0.2313708 -0.246016 -0.9412459 0.1885164 -0.200449 -0.7669086
-18.57919 5.600737 46.08088 -33.86862 10.20977 84.00238
-0.3637804 0.1177934 0.9240068 -0.9908608 0.3208443 2.516799
-0.3665069 0.1039297 0.9245925 -0.0754167 0.02138577 0.1902548
0.3637804 -0.1177934 -0.9240068 -0.09700418 0.0314103 0.2463918
0.3665069 -0.1039297 -0.9245925 -1.012818 0.2872027 2.55505
-10.05446 7.178005 48.44984 10.78009 -7.696041 -51.94646
-0.1930453 0.1494538 0.9697407 0.3823752 -0.2960312 -1.920818
-0.1954748 0.1356088 0.9712878 -0.2220078 0.1540157 1.103126
0.1930453 -0.1494538 -0.9697407 0.3496494 -0.2706952 -1.756424
0.1954748 -0.1356088 -0.9712878 0.7713829 -0.5351394 -3.832896
-7.746154 34.18399 35.65715 6.262937 -27.63851 -28.82959
-0.1450401 0.6848984 0.7140571 0.07732807 -0.3651532 -0.3806992
-0.1546719 0.6764587 0.7200557 0.549488 -2.40319 -2.558073
0.1450401 -0.6848984 -0.7140571 -0.6673397 3.151265 3.285427
0.1546719 -0.6764587 -0.7200557 -0.8280618 3.621534 3.854938
2.924257 34.06726 36.48073 -14.49898 -168.9115 -180.8779
0.06845107 0.6813015 0.7287953 -0.4039824 -4.020885 -4.301182
0.05900894 0.6739955 0.7363749 -0.1279743 -1.461712 -1.596996
-0.06845107 -0.6813015 -0.7287953 0.07987753 0.7950304 0.8504524
-0.05900894 -0.6739955 -0.7363749 -0.2180497 -2.490547 -2.721051
