6
26
0 0 0 0 0 0
41.139 22.28251 -17.63671 0 0 0
0.8244191 0.4496556 -0.3437195 1.205211 0.6573474 -0.5024805
0.8173118 0.4536249 -0.3552829 1.197972 0.6648993 -0.5207548
-0.8244191 -0.4496556 0.3437195 0.774087 0.4222034 -0.3227349
-0.8173118 -0.4536249 0.3552829 0.763884 0.4239714 -0.332058
19.28892 12.41692 -44.42702 -20.63153 -13.2812 47.51937
0.3921683 0.2545312 -0.8839785 0.005568642 0.003614247 -0.01255216
0.3791235 0.2557635 -0.8892977 -0.541913 -0.3655842 1.271148
-0.3921683 -0.2545312 0.8839785 -0.6689548 -0.4341754 1.507877
-0.3791235 -0.2557635 0.8892977 -0.1506549 -0.1016345 0.3533863
8.478885 6.106179 -48.89606 8.966853 6.457595 -51.71008
0.1765886 0.1289321 -0.9758037 0.1635372 0.1194029 -0.9036834
0.1626523 0.1293326 -0.9781703 0.2194513 0.1744962 -1.319752
-0.1765886 -0.1289321 0.9758037 0.04304133 0.03142564 -0.2378404
-0.1626523 -0.1293326 0.9781703 -0.1090086 -0.08667794 0.655564
-3.791144 18.83759 46.15999 1.71707 -8.531848 -20.9066
-0.06690152 0.381132 0.9220968 0.02731939 -0.1556361 -0.3765404
-0.07136017 0.3685825 0.926852 0.008964597 -0.04630305 -0.1164355
0.06690152 -0.381132 -0.9220968 0.01137999 -0.06483079 -0.1568493
0.07136017 -0.3685825 -0.926852 0.03162521 -0.1633474 -0.4107598
-1.300882 19.60423 45.97766 1.793424 -27.02682 -63.3858
-0.01711301 0.3963405 0.9179441 0.02100889 -0.4865696 -1.126919
-0.02147218 0.3839215 0.9231161 0.01874571 -0.3351725 -0.805902
0.01711301 -0.3963405 -0.9179441 -0.0005036276 0.0116641 0.02701464
0.02147218 -0.3839215 -0.9231161 0.009989437 -0.1786107 -0.4294586
