6
26
0 0 0 0 0 0
34.91956 24.58642 -26.00215 0 0 0
0.70169 0.4959037 -0.5115766 1.670732 1.180753 -1.21807
0.6920247 0.4993342 -0.5213129 1.640739 1.183884 -1.235994
-0.70169 -0.4959037 0.5115766 1.071548 0.7572928 -0.7812268
-0.6920247 -0.4993342 0.5213129 1.064558 0.7681378 -0.801948
-10.31406 -43.95662 21.48109 17.60258 75.01893 -36.66089
-0.2008771 -0.8764467 0.4375952 0.05428829 0.2368652 -0.1182629
-0.1981074 -0.8830547 0.4254033 0.5720842 2.550039 -1.228457
0.2008771 0.8764467 -0.4375952 -0.6326072 -2.760128 1.378086
0.1981074 0.8830547 -0.4254033 -0.7192698 -3.206112 1.544515
-12.64132 -46.062 -14.78143 0 0 0
-0.2459573 -0.9250553 -0.2894437 -0.4547636 -1.710384 -0.535168
-0.245988 -0.9207267 -0.3029063 -0.4557881 -1.706003 -0.5612515
0.2459573 0.9250553 0.2894437 -0.2946299 -1.108115 -0.3467219
0.245988 0.9207267 0.3029063 -0.2935965 -1.098924 -0.3615309
-13.30304 46.98581 -10.74024 -26.11293 92.22987 -21.08234
-0.2593299 0.9430767 -0.2082172 -0.4710641 1.713067 -0.3782196
-0.2729603 0.9393643 -0.2075753 -0.4198823 1.444981 -0.3193036
0.2593299 -0.9430767 0.2082172 0.4512326 -1.640948 0.3622968
0.2729603 -0.9393643 0.2075753 0.5276798 -1.815955 0.4012792
6.30206 27.35467 41.37602 2.255122 9.788566 14.80595
0.1354107 0.549139 0.824688 0.1234944 0.5008143 0.7521147
0.129278 0.538959 0.8323523 -0.1292118 -0.5386834 -0.8319266
-0.1354107 -0.549139 -0.824688 -0.3399962 -1.378807 -2.07067
-0.129278 -0.538959 -0.8323523 -0.1731548 -0.7218813 -1.114852
