6
26
0 0 0 0 0 0
37.70732 22.88198 -23.54895 3.001738 1.821548 -1.874643
0.7569304 0.4618401 -0.4623419 1.648013 1.005533 -1.006626
0.7481807 0.4654433 -0.472851 1.632425 1.015532 -1.031694
-0.7569304 -0.4618401 0.4623419 1.06618 0.6505285 -0.6512353
-0.7481807 -0.4654433 0.472851 1.050025 0.6532204 -0.6636165
20.16274 -6.807979 -45.24508 47.54384 -16.05325 -106.6881
0.4110411 -0.1304824 -0.9022303 0.7370173 -0.2339615 -1.617744
0.398461 -0.1280297 -0.9082055 1.01533 -0.326236 -2.314224
-0.4110411 0.1304824 0.9022303 0.1553624 -0.0493188 -0.3410184
-0.398461 0.1280297 0.9082055 -0.623689 0.2003977 1.421564
44.97827 19.53193 9.770465 13.20616 5.734809 2.868726
0.8957423 0.3953314 0.2033688 -0.4611725 -0.2035362 -0.1047043
0.8973276 0.3985261 0.1896845 0.7871249 0.3495823 0.166389
-0.8957423 -0.3953314 -0.2033688 -0.9565504 -0.4221687 -0.2171747
-0.8973276 -0.3985261 -0.1896845 -1.595286 -0.7085071 -0.3372247
47.24473 3.985522 15.87529 68.88643 5.811196 23.14738
0.9424031 0.08786298 0.3227328 1.165397 0.1086534 0.3990988
0.9470242 0.08543697 0.3095897 1.410075 0.1272117 0.4609646
-0.9424031 -0.08786298 -0.3227328 -1.358819 -0.1266867 -0.4653377
-0.9470242 -0.08543697 -0.3095897 -0.6298155 -0.05681959 -0.2058917
7.257205 28.59579 40.36808 -17.3371 -68.31394 -96.43737
0.154608 0.5734493 0.8045199 -0.252598 -0.9368993 -1.314422
0.148001 0.5638375 0.8125165 -0.3486517 -1.328254 -1.914076
-0.154608 -0.5734493 -0.8045199 -0.08130634 -0.3015695 -0.4230865
-0.148001 -0.5638375 -0.8125165 0.1136247 0.4328746 0.6237928
