6
26
0 0 0 0 0 0
8.48455 48.9987 -5.208805 10.88811 62.87939 -6.684391
0.1756393 0.9797488 -0.09614123 0.3907399 2.17962 -0.2138827
0.1618323 0.9819098 -0.09830366 0.4716931 2.861975 -0.286526
-0.1756393 -0.9797488 0.09614123 0.218916 1.221154 -0.11983
-0.1618323 -0.9819098 0.09830366 0.05597143 0.339604 -0.03399937
-8.547046 -47.25472 -13.92631 0 0 0
-0.1635184 -0.9481421 -0.2725587 -0.3381028 -1.960449 -0.5635625
-0.1644436 -0.9439994 -0.286048 -0.3428919 -1.968393 -0.5964569
0.1635184 0.9481421 0.2725587 -0.2187352 -1.26831 -0.3645961
0.1644436 0.9439994 0.286048 -0.2167625 -1.24434 -0.3770562
21.99337 -42.8828 13.31762 -15.74868 30.70686 -9.536276
0.4460267 -0.8525701 0.2723681 0.3526553 -0.6740927 0.2153504
0.4463594 -0.8566072 0.2588193 -0.334453 0.641848 -0.1939309
-0.4460267 0.8525701 -0.2723681 0.6992744 -1.336647 0.4270148
-0.4463594 0.8566072 -0.2588193 1.115622 -2.140988 0.6468879
-7.691146 -35.07602 34.79224 0 0 0
-0.1481602 -0.6963388 0.7022541 -0.228948 -1.076034 1.085175
-0.145714 -0.7064143 0.6926371 -0.225287 -1.09218 1.070879
0.1481602 0.6963388 -0.7022541 -0.1470495 -0.6911188 0.6969897
0.145714 0.7064143 -0.6926371 -0.1444911 -0.7004854 0.686824
12.772 33.73791 34.62081 26.16912 69.1271 70.93612
0.2650922 0.6731623 0.6903468 0.5376374 1.36525 1.400102
0.2557202 0.6675164 0.6993062 0.4117615 1.074837 1.126025
-0.2650922 -0.6731623 -0.6903468 -0.3984521 -1.01181 -1.037639
-0.2557202 -0.6675164 -0.6993062 -0.5096555 -1.330374 -1.393731
