6
21
0 0 0 0 0 0
10.19362 48.75072 -4.410012 31.69453 151.5783 -13.71184
0.2096418 0.974496 -0.08004931 0.630114 2.929013 -0.2406017
0.195961 0.9771381 -0.08246505 0.519415 2.590005 -0.2185821
-0.2096418 -0.974496 0.08004931 -0.511472 -2.377519 0.1952997
-0.195961 -0.9771381 0.08246505 -0.5663453 -2.824018 0.2383315
25.75865 -38.30489 19.21534 27.19488 -40.44066 20.28673
0.5205396 -0.7596771 0.3897811 1.066662 -1.55669 0.7987188
0.5218083 -0.7653014 0.3768684 0.1778558 -0.2608492 0.1284537
-0.5205396 0.7596771 -0.3897811 0.01912364 -0.0279091 0.01431982
-0.5218083 0.7653014 -0.3768684 0.9649643 -1.415249 0.6969313
38.56135 -27.32853 16.31488 -7.979604 5.655166 -3.376083
0.7746902 -0.5386198 0.331276 0.5723916 -0.3979674 0.2447683
0.7765036 -0.5438336 0.3182565 -0.2704577 0.1894183 -0.1108493
-0.7746902 0.5386198 -0.331276 0.6180212 -0.4296924 0.2642806
-0.7765036 0.5438336 -0.3182565 1.206548 -0.8450201 0.4945137
0.9831473 29.42368 40.41358 -1.330876 -39.83051 -54.70742
0.02941353 0.5901168 0.8067819 -0.04441652 -0.8911183 -1.218298
0.02186682 0.5805364 0.8139406 -0.04060047 -1.077891 -1.511256
-0.02941353 -0.5901168 -0.8067819 0.05386401 1.080661 1.477433
-0.02186682 -0.5805364 -0.8139406 0.0315918 0.8387226 1.17593
