6
21
0 0 0 0 0 0
10.55845 48.47382 -6.228856 -0.9157161 -4.204051 0.5402178
0.2168183 0.9692561 -0.1163291 0.2146554 0.9595875 -0.1151686
0.20319 0.9718752 -0.1190478 0.3039523 1.45383 -0.1780838
-0.2168183 -0.9692561 0.1163291 0.4400944 1.967381 -0.236123
-0.20319 -0.9718752 0.1190478 0.3186687 1.52422 -0.186706
11.88629 -43.65241 21.28814 7.691957 -28.24871 13.77616
0.2438195 -0.8682523 0.4320763 -0.2215073 0.7887977 -0.3925366
0.2452676 -0.8740978 0.4192812 0.3115237 -1.110225 0.532545
-0.2438195 0.8682523 -0.4320763 -0.4227496 1.505431 -0.7491611
-0.2452676 0.8740978 -0.4192812 -0.7171113 2.555679 -1.225891
26.98264 42.09441 -2.682209E-05 -0.7050806 -1.099965 7.008853E-07
0.5420612 0.8402845 0.009571336 -0.2493941 -0.3866022 -0.004403627
0.5315672 0.8470112 0.002892418 0.402923 0.6420266 0.002192426
-0.5420612 -0.8402845 -0.009571336 -0.5232645 -0.8111464 -0.009239436
-0.5315672 -0.8470112 -0.002892418 -0.8486961 -1.352331 -0.004618012
-6.559995 37.09601 32.87605 -7.051519 39.87551 35.33937
-0.1213066 0.7423863 0.6588985 -0.08262808 0.5056772 0.4488093
-0.1319093 0.7351999 0.6648917 -0.02220186 0.1237427 0.111909
0.1213066 -0.7423863 -0.6588985 0.2186921 -1.338378 -1.187865
0.1319093 -0.7351999 -0.6648917 0.2100973 -1.170983 -1.059001
