6
26
0 0 0 0 0 0
18.14188 22.08783 -41.0241 0 0 0
0.3686279 0.4475506 -0.8147466 0.9527621 1.156747 -2.105808
0.3555336 0.4485684 -0.8199891 0.9203737 1.161214 -2.122715
-0.3686279 -0.4475506 0.8147466 0.6119434 0.7429594 -1.352526
-0.3555336 -0.4485684 0.8199891 0.5885823 0.7426006 -1.357484
-7.441752 -48.53173 -9.449511 16.37772 106.8081 20.79637
-0.1417323 -0.9729651 -0.1823484 0.1347083 0.9247462 0.1733115
-0.1419404 -0.9702319 -0.1962217 0.4657656 3.183735 0.6438851
0.1417323 0.9729651 0.1823484 -0.4928497 -3.383318 -0.6340851
0.1419404 0.9702319 0.1962217 -0.4858079 -3.320734 -0.6715921
-22.04378 -41.14284 -17.92596 0 0 0
-0.436161 -0.8283331 -0.3516073 -0.8735357 -1.658971 -0.7041929
-0.4332026 -0.8241724 -0.364795 -0.8634849 -1.642789 -0.7271308
0.436161 0.8283331 0.3516073 -0.5586293 -1.060918 -0.450334
0.4332026 0.8241724 0.364795 -0.5594302 -1.064322 -0.4710898
23.61128 -28.15608 33.90753 47.56049 -56.71515 68.30036
0.4766389 -0.5549299 0.6818125 0.9658231 -1.124465 1.38157
0.4798214 -0.5643597 0.671766 1.000042 -1.176237 1.400092
-0.4766389 0.5549299 -0.6818125 -0.7653797 0.891098 -1.094844
-0.4798214 0.5643597 -0.671766 -0.6190317 0.728097 -0.8666649
3.353351 31.41689 38.75183 1.587337 14.87145 18.34351
0.07691154 0.629141 0.7734767 0.01806403 0.1477648 0.1816646
0.06866674 0.6205755 0.7811343 0.1190018 1.075478 1.353732
-0.07691154 -0.629141 -0.7734767 -0.1662754 -1.360143 -1.672183
-0.06866674 -0.6205755 -0.7811343 -0.1729163 -1.562731 -1.967049
