6
26
0 0 0 0 0 0
9.108995 -11.11526 -47.89 -18.42028 22.47736 96.84351
0.1905193 -0.2167987 -0.9574449 -0.4866913 0.5538233 2.445842
0.1769765 -0.2142429 -0.960614 -0.5599044 0.6778048 3.039115
-0.1905193 0.2167987 0.9574449 0.6461051 -0.735226 -3.246968
-0.1769765 0.2142429 0.960614 0.5315993 -0.6435394 -2.885477
22.45137 -40.78666 18.23146 39.29349 -71.38316 31.90796
0.4547835 -0.8099287 0.3703884 1.432403 -2.550982 1.166589
0.4558194 -0.8152049 0.3573091 0.8091207 -1.447062 0.634256
-0.4547835 0.8099287 -0.3703884 -0.2546203 0.453456 -0.2073699
-0.4558194 0.8152049 -0.3573091 0.6416054 -1.147472 0.5029436
26.79726 -41.62318 7.029897 94.44188 -146.693 24.77554
0.5421995 -0.8273773 0.1465147 1.628376 -2.484845 0.4400244
0.5415589 -0.8301299 0.1326585 1.832042 -2.80825 0.4487711
-0.5421995 0.8273773 -0.1465147 -1.777442 2.712313 -0.4803053
-0.5415589 0.8301299 -0.1326585 -1.528594 2.343108 -0.3744394
-11.03041 -31.11019 37.55614 0 0 0
-0.2149338 -0.6167239 0.7572681 -0.382949 -1.098821 1.34923
-0.2126584 -0.6277934 0.7487669 -0.3769057 -1.112671 1.327079
0.2149338 0.6167239 -0.7572681 -0.2431388 -0.6976547 0.8566421
0.2126584 0.6277934 -0.7487669 -0.2427843 -0.7167285 0.8548395
8.969324 39.98633 28.64651 12.8479 57.27749 41.03403
0.188763 0.7965528 0.5743449 0.224552 0.9475772 0.6832392
0.1764286 0.7945718 0.5809721 0.07777029 0.3502498 0.2560943
-0.188763 -0.7965528 -0.5743449 0.1217982 0.513971 0.3705926
-0.1764286 -0.7945718 -0.5809721 0.2393307 1.07786 0.788106
