6
26
0 0 0 0 0 0
15.08298 -12.47184 -46.01012 55.2109 -45.65286 -168.419
0.3100643 -0.2441985 -0.9188184 1.085679 -0.8550522 -3.217209
0.2971711 -0.2412739 -0.9238377 0.8015462 -0.6507772 -2.491825
-0.3100643 0.2441985 0.9188184 -0.3185076 0.2508482 0.9438384
-0.2971711 0.2412739 0.9238377 0.1394618 -0.1132293 -0.4335551
27.24872 -39.80685 13.15007 -64.18627 93.76785 -30.97591
0.550683 -0.7902691 0.2687435 -0.4318184 0.61969 -0.2107354
0.5510616 -0.7944689 0.2552454 -1.356883 1.956227 -0.6284925
-0.550683 0.7902691 -0.2687435 1.643477 -2.358506 0.8020471
-0.5510616 0.7944689 -0.2552454 1.738933 -2.50703 0.8054535
27.86001 -40.4811 9.225043 29.70899 -43.16771 9.83728
0.5631685 -0.8041214 0.1903417 1.461407 -2.086673 0.4939313
0.5629159 -0.8074281 0.1765946 0.953101 -1.367097 0.2990011
-0.5631685 0.8041214 -0.1903417 0.1477884 -0.21102 0.04995004
-0.5629159 0.8074281 -0.1765946 0.7827003 -1.12268 0.245544
-0.02919288 32.5104 37.98752 -0.04995565 55.63268 65.00527
0.009356347 0.6510086 0.7590126 0.01576175 1.096692 1.278636
0.0005041492 0.6426266 0.7661794 0.000725028 0.9241753 1.101859
-0.009356347 -0.6510086 -0.7590126 -0.007161134 -0.4982672 -0.580931
-0.0005041492 -0.6426266 -0.7661794 -5.900308E-05 -0.07520977 -0.08966976
3.036403 38.77958 31.41499 1.470019 18.77442 15.20899
0.07057846 0.7740859 0.6291341 0.09609806 1.053978 0.8566148
0.05913233 0.7694179 0.6360027 0.06643582 0.8644495 0.714556
-0.07057846 -0.7740859 -0.6291341 0.03066115 0.3362833 0.2733124
-0.05913233 -0.7694179 -0.6360027 0.04261161 0.5544536 0.4583127
