6
26
0 0 0 0 0 0
14.78169 -9.338758 -46.84298 12.37253 -7.816702 -39.20839
0.3038024 -0.1812103 -0.9353433 -0.3116378 0.185884 0.959467
0.2906901 -0.1786656 -0.9399882 -0.1098532 0.06751857 0.355226
-0.3038024 0.1812103 0.9353433 1.110294 -0.6622618 -3.418361
-0.2906901 0.1786656 0.9399882 0.9771306 -0.6005694 -3.159692
16.47277 -4.292655 -47.01302 1.374692 -0.3582323 -3.92335
0.3371917 -0.07992013 -0.9380376 0.01530743 -0.00362812 -0.04258392
0.324051 -0.07784223 -0.9428316 0.2896563 -0.06958007 -0.8427597
-0.3371917 0.07992013 0.9380376 0.4022593 -0.09534224 -1.11905
-0.324051 0.07784223 0.9428316 0.146988 -0.03530887 -0.427664
30.23812 -39.74919 -2.379039 34.63417 -45.52797 -2.724906
0.6113985 -0.7902172 -0.04181593 0.3036171 -0.3924176 -0.02076556
0.6090881 -0.7911416 -0.05573667 0.7197282 -0.9348516 -0.06586117
-0.6113985 0.7902172 0.04181593 -0.8410412 1.087025 0.05752208
-0.6090881 0.7911416 0.05573667 -0.8278252 1.075258 0.07575297
26.28941 -18.03063 38.5193 29.16061 -19.99985 42.72619
0.5292501 -0.351422 0.7722673 0.7345568 -0.4877456 1.071845
0.5335234 -0.3622745 0.7642708 0.7165759 -0.4865713 1.026493
-0.5292501 0.351422 -0.7722673 -0.3128434 0.2077279 -0.4564925
-0.5335234 0.3622745 -0.7642708 -0.2321341 0.1576243 -0.3325314
8.776067 29.27353 39.57285 19.70546 65.7297 88.85542
0.1849856 0.5866306 0.7884446 0.3600646 1.141845 1.534665
0.1781955 0.5774255 0.7967598 0.4771926 1.546297 2.133655
-0.1849856 -0.5866306 -0.7884446 -0.4883648 -1.548714 -2.081506
-0.1781955 -0.5774255 -0.7967598 -0.2981358 -0.9660805 -1.333045
