6
26
0 0 0 0 0 0
40.39303 29.39902 -2.020719 71.51659 52.0515 -3.577719
0.806942 0.5898358 -0.03063139 1.734604 1.267912 -0.06584528
0.8019958 0.5958193 -0.04245147 1.791663 1.331063 -0.09483682
-0.806942 -0.5898358 0.03063139 -1.550545 -1.133373 0.05885842
-0.8019958 -0.5958193 0.04245147 -1.398832 -1.039221 0.07404338
-13.56222 15.02456 45.72013 31.47207 -34.86554 -106.0967
-0.2625838 0.3054086 0.9153007 0.776566 -0.9032164 -2.706913
-0.2670041 0.2923132 0.9182928 0.2937473 -0.3215914 -1.010269
0.2625838 -0.3054086 -0.9153007 -0.1871812 0.2177087 0.6524665
0.2670041 -0.2923132 -0.9182928 0.4757289 -0.520823 -1.636149
-12.8601 6.065367 47.9357 48.5313 -22.88941 -180.8992
-0.2492398 0.1272072 0.960051 0.918292 -0.4686784 -3.537184
-0.251695 0.1133239 0.961149 0.8605095 -0.3874382 -3.286032
0.2492398 -0.1272072 -0.960051 -0.3211806 0.1639243 1.237161
0.251695 -0.1133239 -0.961149 -0.8753594 0.3941242 3.342739
-11.25567 30.59011 37.91482 -15.83838 43.04476 53.3517
-0.2154257 0.6140785 0.7592755 -0.5397698 1.538633 1.902438
-0.223976 0.6042076 0.7647012 -0.8409473 2.268577 2.871172
0.2154257 -0.6140785 -0.7592755 -0.4355244 1.241478 1.535021
0.223976 -0.6042076 -0.7647012 -0.1051679 0.2837057 0.3590654
-0.3186955 30.66327 39.49218 -2.012238 193.6073 249.3529
0.003476006 0.6146385 0.7888013 0.01863609 3.295293 4.229041
-0.004649736 0.6054651 0.7958583 -0.02562001 3.336108 4.385173
-0.003476006 -0.6146385 -0.7888013 -0.02073921 -3.667173 -4.706296
0.004649736 -0.6054651 -0.7958583 0.02724939 -3.548278 -4.664062
