6
26
0 0 0 0 0 0
23.00411 27.82646 -34.59018 0 0 0
0.4650601 0.5613185 -0.6845733 1.118738 1.350296 -1.646795
0.4527238 0.5632737 -0.6912047 1.08676 1.352134 -1.659231
-0.4650601 -0.5613185 0.6845733 0.717519 0.8660317 -1.056196
-0.4527238 -0.5632737 0.6912047 0.7010401 0.8722259 -1.070326
6.405363 -10.71528 -48.4165 19.22731 -32.16462 -145.3343
0.1363614 -0.208662 -0.9684347 0.3831579 -0.5863134 -2.721177
0.1226134 -0.2063155 -0.9707728 0.3288675 -0.5533693 -2.603759
-0.1363614 0.208662 0.9684347 -0.3447106 0.5274808 2.448125
-0.1226134 0.2063155 0.9707728 -0.3292395 0.5539952 2.606704
10.83686 -48.64375 4.043677 -2.014066 9.040603 -0.7515309
0.223913 -0.970675 0.08748111 -0.3619663 1.569143 -0.1414175
0.2233324 -0.9719739 0.07341145 0.003859875 -0.01679872 0.001268777
-0.223913 0.970675 -0.08748111 -0.1760595 0.7632274 -0.0687851
-0.2233324 0.9719739 -0.07341145 -0.489184 2.128997 -0.1607993
11.26711 -33.54795 35.32091 3.300958 -9.828638 10.34807
0.2308285 -0.6640666 0.7111496 0.3264472 -0.9391501 1.005737
0.2333756 -0.6737376 0.7011514 0.1769645 -0.5108832 0.5316706
-0.2308285 0.6640666 -0.7111496 0.139372 -0.4009568 0.4293851
-0.2333756 0.6737376 -0.7011514 0.2995006 -0.8646356 0.8998169
6.047329 29.38273 40.00068 -10.5644 -51.33027 -69.87933
0.1305486 0.5889619 0.7975468 -0.1623501 -0.7324324 -0.9918283
0.1234368 0.5796486 0.8054631 -0.3092546 -1.452233 -2.017981
-0.1305486 -0.5889619 -0.7975468 0.3411422 1.539042 2.084104
-0.1234368 -0.5796486 -0.8054631 0.268488 1.260796 1.751966
