6
21
0 0 0 0 0 0
7.50672 49.33246 -3.154248 18.2559 119.9736 -7.670945
0.1562985 0.9861647 -0.05522612 0.2859173 1.803993 -0.1010253
0.1424038 0.9881703 -0.0569273 0.1982623 1.375784 -0.07925728
-0.1562985 -0.9861647 0.05522612 -0.4564866 -2.880199 0.1612938
-0.1424038 -0.9881703 0.0569273 -0.4117899 -2.857497 0.164617
10.04114 -45.63213 17.80131 28.86939 -131.1974 51.18072
0.2071332 -0.908613 0.3626545 0.3345445 -1.467517 0.5857295
0.2082966 -0.9135121 0.3494399 0.6053666 -2.654915 1.015567
-0.2071332 0.908613 -0.3626545 -0.6650939 2.917508 -1.164464
-0.2082966 0.9135121 -0.3494399 -0.5988833 2.626481 -1.004691
-39.6665 -29.5773 7.194084 -56.64918 -42.24043 10.27414
-0.7931617 -0.5893156 0.153628 -1.022007 -0.7593468 0.1979532
-0.7872037 -0.5992723 0.1455444 -1.104329 -0.8406891 0.2041769
0.7931617 0.5893156 -0.153628 1.050925 0.7808326 -0.2035543
0.7872037 0.5992723 -0.1455444 0.4006841 0.3050277 -0.07408162
2.794183 31.22915 38.94754 2.580306 28.83876 35.96636
0.06572691 0.6255029 0.7774485 0.03121342 0.2970485 0.3692068
0.05753596 0.6168032 0.7850118 0.1030169 1.104373 1.405547
-0.06572691 -0.6255029 -0.7774485 -0.1303024 -1.240048 -1.541277
-0.05753596 -0.6168032 -0.7850118 -0.1183535 -1.268786 -1.614797
