6
26
0 0 0 0 0 0
17.29264 -8.552002 -46.12812 -41.93889 20.7407 111.872
0.3538929 -0.1654505 -0.9205357 -0.4778938 0.2234228 1.243083
0.3410272 -0.1629139 -0.9258291 -0.2837901 0.1355709 0.7704405
-0.3538929 0.1654505 0.9205357 -0.7280571 0.3403781 1.8938
-0.3410272 0.1629139 0.9258291 -0.8496398 0.4058859 2.306623
8.550728 -40.46352 -28.09964 20.6437 -97.68955 -67.8399
0.1806571 -0.8090001 -0.5593583 0.3623917 -1.622825 -1.122053
0.1729861 -0.8033602 -0.5698142 0.5141339 -2.387676 -1.693552
-0.1806571 0.8090001 0.5593583 -0.5360418 2.400447 1.659716
-0.1729861 0.8033602 0.5698142 -0.3396763 1.577482 1.11889
12.09836 -48.21691 5.362898 -44.33159 176.6795 -19.65107
0.2490501 -0.9617773 0.1138358 -0.8600574 3.321355 -0.3931151
0.248573 -0.9634578 0.09980269 -0.9209294 3.569481 -0.3697554
-0.2490501 0.9617773 -0.1138358 0.7941507 -3.066838 0.3629905
-0.248573 0.9634578 -0.09980269 0.4712243 -1.826444 0.1891977
32.12093 -30.4613 23.24509 44.23212 -41.94673 32.00965
0.6464881 -0.6013411 0.4695126 1.259005 -1.171083 0.9143533
0.6488638 -0.6081281 0.4573358 1.265492 -1.186044 0.8919511
-0.6464881 0.6013411 -0.4695126 -0.2105512 0.1958475 -0.152913
-0.6488638 0.6081281 -0.4573358 -0.2152226 0.2017109 -0.1516944
12.78296 28.598 38.97075 14.89822 33.33026 45.41943
0.2647664 0.573186 0.7754718 0.09894935 0.214213 0.2898118
0.2588589 0.5638286 0.7842764 0.5193712 1.131259 1.573562
-0.2647664 -0.573186 -0.7754718 -0.5748244 -1.244423 -1.683598
-0.2588589 -0.5638286 -0.7842764 -0.6057655 -1.319437 -1.835315
