6
21
0 0 0 0 0 0
11.35613 31.66965 -36.98721 0 0 0
0.2327407 0.6387082 -0.7334055 0.4632773 1.271368 -1.459865
0.2191653 0.6389592 -0.7373586 0.4374118 1.27524 -1.471626
-0.2327407 -0.6387082 0.7334055 0.2992882 0.8213339 -0.9431078
-0.2191653 -0.6389592 0.7373586 0.2805404 0.8178934 -0.9438486
-8.815333 -45.4601 18.85926 -2.624397 -13.53384 5.614556
-0.1707614 -0.906904 0.3851828 0.2640287 1.402241 -0.5955639
-0.1681595 -0.9126577 0.3725295 -0.01210992 -0.06572454 0.02682751
0.1707614 0.906904 -0.3851828 0.2480147 1.317192 -0.5594414
0.1681595 0.9126577 -0.3725295 0.4579852 2.485637 -1.01459
-35.72419 -34.15324 7.57241 -15.08751 -14.42405 3.19808
-0.713536 -0.6817931 0.1613212 -0.3569194 -0.3410412 0.08069482
-0.7075111 -0.6902279 0.1517017 -0.3301736 -0.3221081 0.07079449
0.713536 0.6817931 -0.1613212 0.2081624 0.198902 -0.04706281
0.7075111 0.6902279 -0.1517017 0.09537314 0.09304335 -0.02044952
-3.148048 29.89617 39.95357 0.9062236 -8.606163 -11.50137
-0.05314589 0.5997277 0.7984374 0.04328099 -0.4884067 -0.6502321
-0.0611373 0.590093 0.8050171 -0.01448117 0.1397713 0.1906788
0.05314589 -0.5997277 -0.7984374 0.02110456 -0.2381556 -0.3170644
0.0611373 -0.590093 -0.8050171 0.07485153 -0.7224618 -0.9855973
