6
21
0 0 0 0 0 0
19.62768 -11.03884 -44.64163 66.48106 -37.38971 -151.2059
0.4006827 -0.2154279 -0.8905302 1.288879 -0.6929683 -2.864574
0.3882686 -0.212605 -0.8966865 1.096992 -0.600682 -2.533447
-0.4006827 0.2154279 0.8905302 -0.4209461 0.2263225 0.9355661
-0.3882686 0.212605 0.8966865 -0.06991513 0.03828356 0.1614654
-0.02690843 -45.35085 -21.05475 0.05649313 95.21221 44.20357
0.008454523 -0.9088169 -0.4171095 -0.01991935 2.141226 0.9827345
0.003834716 -0.9031865 -0.4292312 -0.003962473 0.933277 0.4435314
-0.008454523 0.9088169 0.4171095 0.01931944 -2.076738 -0.9531372
-0.003834716 0.9031865 0.4292312 0.009690944 -2.282498 -1.084736
18.14594 -45.71876 8.973437 45.96125 -115.7995 22.72852
0.3696096 -0.9104284 0.1857655 1.25218 -3.08439 0.6293446
0.3693663 -0.9132446 0.1719094 1.111211 -2.747428 0.5171766
-0.3696096 0.9104284 -0.1857655 -0.5156177 1.270078 -0.259149
-0.3693663 0.9132446 -0.1719094 -0.1482226 0.366475 -0.06898537
-10.81411 -4.756828 48.58391 -10.66856 -4.692804 47.93001
-0.2091361 -0.08849534 0.973874 -0.316668 -0.1339972 1.474613
-0.2096106 -0.102551 0.9723923 -0.009556546 -0.004675495 0.04433321
0.2091361 0.08849534 -0.973874 -0.04775168 -0.02020599 0.222363
0.2096106 0.102551 -0.9723923 -0.3423435 -0.1674899 1.588146
