6
26
0 0 0 0 0 0
25.68045 26.06453 -34.07543 0 0 0
0.5184122 0.5260775 -0.6741596 1.103123 1.119434 -1.434536
0.506492 0.5283147 -0.6814319 1.074919 1.121233 -1.446191
-0.5184122 -0.5260775 0.6741596 0.7044412 0.7148572 -0.9160777
-0.506492 -0.5283147 0.6814319 0.6914202 0.7212106 -0.9302335
-3.258713 -46.9491 -16.88683 0 0 0
-0.05683871 -0.9413088 -0.3327268 -0.1110698 -1.839433 -0.650189
-0.05968111 -0.936446 -0.3456981 -0.1163783 -1.826071 -0.6741117
0.05683871 0.9413088 0.3327268 -0.07102955 -1.176324 -0.4157983
0.05968111 0.936446 0.3456981 -0.07485797 -1.174583 -0.4336088
15.27088 -45.65632 13.50192 -36.00268 107.6395 -31.83217
0.3118955 -0.9090092 0.2764478 -0.3199409 0.932457 -0.2835787
0.3123667 -0.9128723 0.2628524 -0.7650554 2.235827 -0.6437839
-0.3118955 0.9090092 -0.2764478 0.8831147 -2.573808 0.7827463
-0.3123667 0.9128723 -0.2628524 0.8702099 -2.543134 0.7322699
-4.79717 -38.81067 31.15609 0 0 0
-0.09024446 -0.7714711 0.6298319 -0.1310213 -1.120059 0.9144205
-0.08777538 -0.7803722 0.6191241 -0.1264983 -1.124641 0.8922564
0.09024446 0.7714711 -0.6298319 -0.08318697 -0.7111388 0.5805764
0.08777538 0.7803722 -0.6191241 -0.08195507 -0.7286264 0.5780705
9.275463 32.87149 36.51577 16.42529 58.20993 64.66332
0.1952754 0.6569272 0.7282267 0.2801289 0.9423833 1.044665
0.1865071 0.649881 0.736797 0.3043262 1.06042 1.202242
-0.1952754 -0.6569272 -0.7282267 -0.0002358278 -0.0007933499 -0.000879456
-0.1865071 -0.649881 -0.736797 -0.07227715 -0.2518485 -0.2855311
