6
21
0 0 0 0 0 0
-4.49061 48.34113 -11.95661 -14.7436 158.7139 -39.25604
-0.08324246 0.9691561 -0.2319639 -0.2837722 3.303837 -0.7907611
-0.09729647 0.9677032 -0.2325594 -0.3218751 3.201345 -0.7693505
0.08324246 -0.9691561 0.2319639 0.1629265 -1.896883 0.454012
0.09729647 -0.9677032 0.2325594 0.2572721 -2.558808 0.6149354
-13.37826 -47.37462 -8.756123 0 0 0
-0.2614731 -0.9505145 -0.1677912 -0.5101542 -1.854527 -0.3273737
-0.2600762 -0.9483393 -0.1816944 -0.5093133 -1.857155 -0.3558164
0.2614731 0.9505145 0.1677912 -0.3300436 -1.199784 -0.211794
0.2600762 0.9483393 0.1816944 -0.3261746 -1.18936 -0.227872
45.28226 -15.50951 14.4559 42.32729 -14.49741 13.51256
0.9069353 -0.3016172 0.2941011 0.2387955 -0.07941562 0.07743664
0.909624 -0.3060347 0.2809392 0.7680303 -0.2583968 0.2372077
-0.9069353 0.3016172 -0.2941011 -1.107754 0.3684029 -0.3592226
-0.909624 0.3060347 -0.2809392 -1.230772 0.4140822 -0.3801265
1.47565 32.78434 37.72254 1.246778 27.6995 31.87179
0.03945408 0.6562384 0.7535214 0.02625222 0.4366524 0.5013832
0.03053717 0.6481291 0.760918 0.002448163 0.05196048 0.06100275
-0.03945408 -0.6562384 -0.7535214 0.02597596 0.4320573 0.4961069
-0.03053717 -0.6481291 -0.760918 0.03462123 0.7348102 0.8626835
