6
26
0 0 0 0 0 0
8.490036 48.93808 -5.742305 28.69767 165.4185 -19.4099
0.1757248 0.9786299 -0.1067912 0.4533318 2.524653 -0.2754982
0.1619239 0.9807627 -0.10902 0.3999288 2.422343 -0.2692637
-0.1757248 -0.9786299 0.1067912 -0.6419863 -3.57529 0.3901471
-0.1619239 -0.9807627 0.10902 -0.5943252 -3.59979 0.4001468
-20.87702 -44.31262 -10.02717 -1.592081 -3.379279 -0.7646722
-0.4131877 -0.890089 -0.1923994 -0.8631645 -1.859429 -0.4019296
-0.4095322 -0.8887352 -0.205993 -0.8546206 -1.854632 -0.4298705
0.4131877 0.890089 0.1923994 -0.5560086 -1.197754 -0.2589035
0.4095322 0.8887352 0.205993 -0.5521053 -1.198137 -0.2777067
30.18382 -39.2813 6.776348 24.12257 -31.39317 5.415581
0.6095831 -0.7800216 0.1413317 1.171333 -1.498836 0.2715733
0.6089659 -0.7828826 0.1274965 0.7947372 -1.021709 0.1663906
-0.6095831 0.7800216 -0.1413317 0.1256237 -0.1607479 0.02912584
-0.6089659 0.7828826 -0.1274965 0.5992554 -0.7703989 0.1254635
4.122109 31.26366 38.80169 -1.245975 -9.449955 -11.72845
0.09226007 0.626053 0.7743034 0.01448054 0.09826119 0.1215296
0.0841255 0.6174828 0.7820727 -0.1301009 -0.9549432 -1.209483
-0.09226007 -0.626053 -0.7743034 0.1765283 1.197875 1.481534
-0.0841255 -0.6174828 -0.7820727 0.21114 1.549771 1.962862
5.645056 33.59164 36.602 11.9762 71.26593 77.65252
0.1228056 0.6715755 0.7306881 0.1634569 0.8938814 0.9725615
0.113616 0.6643999 0.7386909 0.1632838 0.9548453 1.061613
-0.1228056 -0.6715755 -0.7306881 -0.3123828 -1.708298 -1.858664
-0.113616 -0.6643999 -0.7386909 -0.2899946 -1.69582 -1.885441
