6
21
0 0 0 0 0 0
13.23756 -5.116538 -47.94335 -37.90845 14.65226 137.2956
0.2726114 -0.09635466 -0.9572873 -0.7270867 0.2569892 2.553198
0.2591705 -0.09437092 -0.9612101 -0.5695258 0.2073797 2.112255
-0.2726114 0.09635466 0.9572873 0.1764875 -0.06237961 -0.6197438
-0.2591705 0.09437092 0.9612101 -0.05784197 0.02106181 0.214524
28.49824 -36.87062 18.12209 33.27217 -43.04705 21.15784
0.5751005 -0.7307295 0.3678231 -0.2460226 0.3125992 -0.1573513
0.5763264 -0.7361694 0.3548275 0.6448781 -0.8237337 0.3970328
-0.5751005 0.7307295 -0.3678231 -1.151064 1.462555 -0.7361979
-0.5763264 0.7361694 -0.3548275 -1.596242 2.038956 -0.9827599
24.57078 -34.14061 27.03139 55.8234 -77.56551 61.41376
0.4962737 -0.6754782 0.5453821 0.633058 -0.8616554 0.6957018
0.4986022 -0.683068 0.5336794 1.109971 -1.520622 1.188058
-0.4962737 0.6754782 -0.5453821 -1.259894 1.714842 -1.384566
-0.4986022 0.683068 -0.5336794 -1.166655 1.598278 -1.248731
1.11 32.52575 37.95818 -0.228119 -6.684451 -7.800883
0.0321337 0.6511884 0.7582355 -0.02082965 -0.4221121 -0.491502
0.02331381 0.6429232 0.7655757 0.03237617 0.892835 1.063164
-0.0321337 -0.6511884 -0.7582355 -0.06250675 -1.266697 -1.474926
-0.02331381 -0.6429232 -0.7655757 -0.06869636 -1.894434 -2.255841
