6
26
0 0 0 0 0 0
-7.584589 47.99758 -11.77694 -11.46911 72.58 -17.80861
-0.1450357 0.9626597 -0.228585 -0.2799092 1.857868 -0.4411536
-0.1589977 0.9604185 -0.2287272 -0.4330664 2.615917 -0.6229904
0.1450357 -0.9626597 0.228585 -0.1190031 0.7898709 -0.187556
0.1589977 -0.9604185 0.2287272 0.06241006 -0.376985 0.08978038
42.14312 -25.58795 8.319554 8.639654 -5.245719 1.705571
0.84632 -0.5041716 0.171911 0.8839853 -0.5266097 0.1795619
0.8469075 -0.507656 0.1582182 -0.3136268 0.1879952 -0.05859136
-0.84632 0.5041716 -0.171911 0.5248082 -0.3126399 0.1066031
-0.8469075 0.507656 -0.1582182 1.433185 -0.8590844 0.2677458
40.36967 -26.51357 12.93531 80.16032 -52.64687 25.68509
0.8107973 -0.5224487 0.2639226 1.579641 -1.017864 0.5141889
0.8121426 -0.5269136 0.2505722 1.636188 -1.06155 0.5048168
-0.8107973 0.5224487 -0.2639226 -1.360854 0.8768857 -0.4429717
-0.8121426 0.5269136 -0.2505722 -0.7305436 0.4739726 -0.2253963
-2.434972 26.78612 42.14915 -1.355325 14.90937 23.46056
-0.03910112 0.538289 0.8418528 -0.0282759 0.3892627 0.6087843
-0.04592808 0.5276619 0.848212 0.03110207 -0.3573277 -0.5744013
0.03910112 -0.538289 -0.8418528 -0.04830079 0.664937 1.039923
0.04592808 -0.5276619 -0.848212 -0.09579043 1.100524 1.769083
7.79366 39.38637 29.79848 16.38953 82.82683 62.66417
0.1654433 0.7850105 0.5969817 0.3529996 1.674945 1.273755
0.1534497 0.7821459 0.6039048 0.3365092 1.715215 1.32434
-0.1654433 -0.7850105 -0.5969817 -0.2792932 -1.325216 -1.007795
-0.1534497 -0.7821459 -0.6039048 -0.191166 -0.9743886 -0.7523379
