6
26
0 0 0 0 0 0
-9.916992 12.04048 47.50427 3.972933 -4.823644 -19.0311
-0.1898993 0.2461597 0.9504439 -0.022694 0.02941742 0.1135832
-0.1933342 0.2327085 0.9531362 0.2104027 -0.253253 -1.037283
0.1898993 -0.2461597 -0.9504439 0.2635722 -0.3416591 -1.319175
0.1933342 -0.2327085 -0.9531362 0.06567255 -0.07904735 -0.3237651
-10.65166 16.89609 45.83739 -10.12411 16.05927 43.56718
-0.2041931 0.3425871 0.9170274 -0.3973463 0.666652 1.784475
-0.2088399 0.329741 0.9206828 0.05751701 -0.09081459 -0.253567
0.2041931 -0.3425871 -0.9170274 -0.1275879 0.2140619 0.5729948
0.2088399 -0.329741 -0.9206828 -0.5279069 0.8335212 2.327308
-12.85382 7.428858 47.7451 43.44328 -25.10801 -161.3686
-0.2490066 0.1543546 0.9561226 0.636535 -0.3945763 -2.444134
-0.2517279 0.1405498 0.9575379 0.8592443 -0.4797508 -3.268446
0.2490066 -0.1543546 -0.9561226 0.07284474 -0.04515512 -0.2797055
0.2517279 -0.1405498 -0.9575379 -0.4657719 0.2600592 1.771731
-11.36079 31.95374 36.7406 -49.3975 138.9371 159.7507
-0.2174953 0.6411034 0.7359906 -0.9892318 2.915925 3.347499
-0.2264678 0.6316347 0.7414513 -1.03099 2.875503 3.37544
0.2174953 -0.6411034 -0.7359906 0.7193367 -2.120364 -2.434191
0.2264678 -0.6316347 -0.7414513 0.4892527 -1.36456 -1.601804
-0.9434848 31.43164 38.87331 -5.488481 182.8455 226.1355
-0.008974608 0.6298384 0.7766743 -0.05181477 3.636363 4.484118
-0.01743382 0.6209267 0.7836747 -0.1025751 3.653338 4.610896
0.008974608 -0.6298384 -0.7766743 0.04141965 -2.906833 -3.584511
0.01743382 -0.6209267 -0.7836747 0.07397266 -2.634626 -3.325174
