6
26
0 0 0 0 0 0
-4.630391 48.55938 -10.97896 15.66909 -164.3233 37.15243
-0.08597963 0.973388 -0.2124225 0.3045942 -3.448355 0.7525346
-0.100037 0.9719334 -0.2129275 0.3470655 -3.371999 0.7387249
0.08597963 -0.973388 0.2124225 -0.1725753 1.95375 -0.4263669
0.100037 -0.9719334 0.2129275 -0.2662454 2.586771 -0.5667002
16.73807 -1.50991 -47.09097 -29.67725 2.677129 83.49413
0.3422777 -0.02410745 -0.9392896 -0.6267728 0.04414514 1.72001
0.3290845 -0.02227077 -0.9440379 -0.6012476 0.04068938 1.724787
-0.3422777 0.02410745 0.9392896 0.2631122 -0.01853163 -0.7220409
-0.3290845 0.02227077 0.9440379 0.4722844 -0.03196181 -1.354832
-2.54731 -49.12936 -8.934175 -5.695334 -109.8445 -19.97523
-0.0433601 -0.9840823 -0.1723425 -0.08708562 -1.976458 -0.3461375
-0.04444592 -0.9815052 -0.1862047 -0.09381812 -2.071798 -0.3930478
0.0433601 0.9840823 0.1723425 0.08691509 1.972588 0.3454597
0.04444592 0.9815052 0.1862047 0.02899176 0.6402288 0.12146
0.08745814 -10.29019 48.92929 -0.2239347 26.34783 -125.2824
0.0081949 -0.1983113 0.9801048 -0.01997877 0.4834733 -2.389447
0.009393843 -0.2120999 0.9772028 -0.02294519 0.5180705 -2.386894
-0.0081949 0.1983113 -0.9801048 0.0179906 -0.435361 2.151664
-0.009393843 0.2120999 -0.9772028 0.006908001 -0.155973 0.718611
15.43579 35.06836 32.12351 -19.63994 -44.61971 -40.8728
0.3181451 0.6982694 0.6412516 -0.3536071 -0.7761018 -0.7127286
0.3075666 0.6949015 0.6500114 -0.5430388 -1.226916 -1.147659
-0.3181451 -0.6982694 -0.6412516 0.577102 1.266632 1.163204
-0.3075666 -0.6949015 -0.6500114 0.427815 0.9665851 0.9041445
