6
26
0 0 0 0 0 0
-32.47894 37.74822 4.491965 -10.66962 12.40062 1.47565
-0.6430009 0.7598825 0.09554339 -0.3712946 0.4387867 0.05517061
-0.6534125 0.7506323 0.09799582 -0.4257767 0.489127 0.06385604
0.6430009 -0.7598825 -0.09554339 -0.1097825 0.1297383 0.01631257
0.6534125 -0.7506323 -0.09799582 -0.04324391 0.04967808 0.006485524
15.06822 -7.679254 47.05295 0 0 0
0.3063368 -0.1449124 0.9408285 0.4238764 -0.2005145 1.301819
0.3094752 -0.1583261 0.9376342 0.4250704 -0.217464 1.287859
-0.3063368 0.1449124 -0.9408285 0.2687385 -0.1271266 0.8253559
-0.3094752 0.1583261 -0.9376342 0.2749988 -0.1406881 0.833179
-25.19673 -21.71321 37.33181 -72.34727 -62.34505 107.1907
-0.498661 -0.4289166 0.7532381 -0.8403663 -0.7228298 1.269391
-0.4970495 -0.4415066 0.7470031 -1.400863 -1.244324 2.105323
0.498661 0.4289166 -0.7532381 -0.5708084 -0.4909732 0.8622181
0.4970495 0.4415066 -0.7470031 0.2585155 0.2296277 -0.3885165
-22.39673 2.051388 44.6559 3.226851 -0.2955575 -6.433882
-0.4405897 0.04692106 0.8964816 -0.9359941 0.09967969 1.904497
-0.4427894 0.03295932 0.8960197 0.2743067 -0.0204182 -0.5550814
0.4405897 -0.04692106 -0.8964816 1.846446 -0.1966393 -3.757022
0.4427894 -0.03295932 -0.8960197 1.315967 -0.09795488 -2.662964
-10.2872 3.235181 48.82281 -14.90384 4.68705 70.73327
-0.198012 0.07093521 0.9776295 -0.7421637 0.2658705 3.664228
-0.1997264 0.05690948 0.9781977 -0.05590316 0.01592889 0.2737963
0.198012 -0.07093521 -0.9776295 1.011262 -0.3622714 -4.992826
0.1997264 -0.05690948 -0.9781977 0.8610305 -0.2453397 -4.21706
