6
26
0 0 0 0 0 0
30.60552 37.76992 11.69277 24.51122 30.24902 9.364458
0.6123812 0.7521862 0.2433212 0.4002068 0.491573 0.1590166
0.6041799 0.7610936 0.2360153 0.4131349 0.5204317 0.161386
-0.6123812 -0.7521862 -0.2433212 0.002895846 0.00355696 0.001150624
-0.6041799 -0.7610936 -0.2360153 -0.02880773 -0.03628949 -0.01125338
8.993116 8.995616 48.35499 0 0 0
0.1866916 0.186741 0.9645072 0.3478965 0.3479885 1.797341
0.1869237 0.1728323 0.9670514 0.3505423 0.3241163 1.813533
-0.1866916 -0.186741 -0.9645072 0.2250712 0.2251307 1.162788
-0.1869237 -0.1728323 -0.9670514 0.2228827 0.2060805 1.153086
49.23948 -5.985064 -6.297273 -121.0538 14.71411 15.48166
0.9864767 -0.1127468 -0.1189612 -3.510955 0.4012753 0.423393
0.9846998 -0.1126047 -0.1329898 -1.063732 0.1216424 0.1436636
-0.9864767 0.1127468 0.1189612 3.603311 -0.4118309 -0.4345303
-0.9846998 0.1126047 0.1329898 3.703436 -0.4235039 -0.5001719
27.55213 -38.88037 15.13875 55.70834 -78.6132 30.60943
0.5565528 -0.7714496 0.3084064 2.30021 -3.18837 1.274631
0.55726 -0.7761362 0.2950828 0.4354215 -0.6064428 0.2305663
-0.5565528 0.7714496 -0.3084064 -2.794832 3.873975 -1.548719
-0.55726 0.7761362 -0.2950828 -2.562655 3.569194 -1.356988
14.52876 29.4113 37.73407 20.1484 40.78743 52.32939
0.2996837 0.5888796 0.7506068 0.6621248 1.301078 1.6584
0.2934526 0.5801422 0.7598162 1.267639 2.506063 3.282208
-0.2996837 -0.5888796 -0.7506068 -1.777394 -3.492586 -4.451774
-0.2934526 -0.5801422 -0.7598162 -1.791805 -3.542316 -4.639396
