6
26
0 0 0 0 0 0
-35.73119 34.49183 -5.794858 -29.09983 28.09048 -4.719389
-0.7093803 0.6961587 -0.1101938 -0.7500991 0.7361187 -0.116519
-0.7192574 0.6863361 -0.1077565 -0.5470236 0.5219857 -0.08195309
0.7093803 -0.6961587 0.1101938 0.5296085 -0.5197376 0.08226839
0.7192574 -0.6863361 0.1077565 0.7585275 -0.7238088 0.1136398
36.68879 -31.69152 12.23044 -59.80397 51.65826 -19.93603
0.7381402 -0.6266209 0.2499909 -0.7181376 0.6096402 -0.2432164
0.7389134 -0.6309167 0.2365399 -1.849884 1.579512 -0.5921823
-0.7381402 0.6266209 -0.2499909 -1.09787 0.9320018 -0.3718228
-0.7389134 0.6309167 -0.2365399 0.4187061 -0.3575096 0.1340356
10.26189 -2.916171 48.84866 0 0 0
0.2110646 -0.05023571 0.9761803 0.3938889 -0.09374993 1.821748
0.2130826 -0.06417594 0.9749242 0.3995548 -0.1203374 1.828097
-0.2110646 0.05023571 -0.9761803 0.2551907 -0.06073822 1.180265
-0.2130826 0.06417594 -0.9749242 0.2555168 -0.07695622 1.169075
28.60531 19.12006 36.27855 -131.2997 -87.76196 -166.5202
0.5730022 0.3908745 0.7203372 -2.630711 -1.794544 -3.307141
0.5802301 0.3787396 0.7210336 -2.157804 -1.408486 -2.681435
-0.5730022 -0.3908745 -0.7203372 1.408176 0.9605896 1.770257
-0.5802301 -0.3787396 -0.7210336 2.554115 1.667174 3.173918
-25.25821 31.71863 29.25617 116.2132 -145.9377 -134.6079
-0.4965174 0.6378099 0.5887859 2.845038 -3.654642 -3.373734
-0.5054538 0.6274349 0.5923191 2.352849 -2.920662 -2.7572
0.4965174 -0.6378099 -0.5887859 -1.860603 2.390069 2.206361
0.5054538 -0.6274349 -0.5923191 -2.770655 3.439297 3.246809
