6
26
0 0 0 0 0 0
31.87908 36.42889 12.51574 -38.18488 -43.63466 -14.9914
0.6370593 0.7256868 0.2598731 -0.4728954 -0.5386845 -0.1929064
0.6298642 0.7347688 0.2517658 -0.435178 -0.5076573 -0.1739469
-0.6370593 -0.7256868 -0.2598731 -0.4096799 -0.4666746 -0.1671191
-0.6298642 -0.7347688 -0.2517658 -0.4379903 -0.5109381 -0.175071
-3.145276 -0.3044485 49.90006 10.38281 1.005009 -164.7241
-0.0556622 0.0007904281 0.9984493 0.1896509 -0.002693127 -3.401892
-0.05603398 -0.01334568 0.9983397 0.1316127 0.03134636 -2.344902
0.0556622 -0.0007904281 -0.9984493 -0.1011325 0.001436126 1.814079
0.05603398 0.01334568 -0.9983397 0.03273383 0.007796257 -0.5832083
8.080903 8.187721 48.65863 9.428887 9.553524 56.77542
0.168503 0.1706151 0.9708229 -0.1867767 -0.1891178 -1.076106
0.1686713 0.1566662 0.9731421 0.1375533 0.127763 0.7936083
-0.168503 -0.1706151 -0.9708229 -0.4115251 -0.4166832 -2.370984
-0.1686713 -0.1566662 -0.9731421 -0.6158792 -0.5720441 -3.55329
-23.40374 -17.88934 40.40062 -111.1618 -84.96981 191.8927
-0.4623286 -0.352034 0.8138331 -1.411335 -1.074642 2.484361
-0.4613231 -0.3651383 0.808613 -2.306306 -1.825446 4.042522
0.4623286 0.352034 -0.8138331 -0.6783199 -0.5164978 1.194041
0.4613231 0.3651383 -0.808613 0.9701092 0.7678437 -1.70042
9.055568 18.40977 45.59649 0 0 0
0.1890109 0.3731473 0.9083149 0.6648478 1.312549 3.195006
0.1869505 0.360321 0.9139028 0.6569045 1.266092 3.211261
-0.1890109 -0.3731473 -0.9083149 0.4270208 0.8430287 2.0521
-0.1869505 -0.360321 -0.9139028 0.4231459 0.8155547 2.068538
