6
16
0 0 0 0 0 0
-31.65728 37.85017 -8.072622 -33.61775 40.19416 -8.572542
-0.6274785 0.7629066 -0.1557053 -0.657037 0.7988446 -0.16304
-0.6384194 0.7542439 -0.1534173 -0.5773066 0.6820437 -0.1387314
0.6274785 -0.7629066 0.1557053 0.5198364 -0.6320322 0.1289945
0.6384194 -0.7542439 0.1534173 0.04631125 -0.05471321 0.01112896
13.41954 -10.97338 46.89885 0 0 0
0.2735416 -0.2109098 0.9384519 0.4186317 -0.3227792 1.436219
0.2765085 -0.2241605 0.9345026 0.4245127 -0.3441449 1.434705
-0.2735416 0.2109098 -0.9384519 0.2692764 -0.2076212 0.923819
-0.2765085 0.2241605 -0.9345026 0.2706895 -0.2194432 0.9148365
-46.45176 -16.97704 7.347737 -79.12935 -28.91993 12.51668
-0.9293119 -0.3348344 0.1557733 -3.644597 -1.313161 0.6109154
-0.9253075 -0.3476776 0.1514144 -1.055828 -0.3967198 0.1727723
0.9293119 0.3348344 -0.1557733 4.445984 1.601904 -0.7452458
0.9253075 0.3476776 -0.1514144 4.212687 1.582887 -0.6893507
