6
26
0 0 0 0 0 0
37.55996 31.04977 11.18677 -3.601479 -2.977242 -1.072656
0.7482097 0.6210991 0.233277 -0.1952609 -0.1620887 -0.06087849
0.7452621 0.6288031 0.2217904 -0.04516789 -0.03810969 -0.01344199
-0.7482097 -0.6210991 -0.233277 -0.02339425 -0.01941989 -0.007293867
-0.7452621 -0.6288031 -0.2217904 -0.1790899 -0.1511043 -0.05329726
6.661169 49.48417 -2.635742 15.77371 117.179 -6.241462
0.1395123 0.9891993 -0.04495549 0.2407448 1.70698 -0.07757597
0.1255629 0.9909989 -0.04642366 0.2312732 1.825312 -0.08550732
-0.1395123 -0.9891993 0.04495549 0.06903437 0.489482 -0.02224516
-0.1255629 -0.9909989 0.04642366 0.0421145 0.3323866 -0.01557076
30.20205 -39.83033 -1.176111 36.31118 -47.88702 -1.414009
0.6105887 -0.7917493 -0.01773194 -0.07168397 0.09295247 0.002081754
0.6085089 -0.7929148 -0.03167094 1.253627 -1.633534 -0.0652473
-0.6105887 0.7917493 0.01773194 1.498605 -1.943239 -0.04352058
-0.6085089 0.7929148 0.03167094 0.2982089 -0.3885798 -0.01552082
35.9429 -8.010302 33.82181 108.1698 -24.10692 101.7864
0.7197495 -0.1503347 0.6777611 1.167633 -0.2438844 1.099516
0.7257158 -0.1598496 0.6691672 2.759025 -0.6077159 2.544039
-0.7197495 0.1503347 -0.6777611 1.438215 -0.3004013 1.354314
-0.7257158 0.1598496 -0.6691672 -0.8470937 0.1865849 -0.7810872
15.78653 16.60727 44.44038 0 0 0
0.3221593 0.3382577 0.8841918 0.9083254 0.9537148 2.492971
0.3226829 0.32496 0.8889751 0.9098019 0.916222 2.506458
-0.3221593 -0.3382577 -0.8841918 0.585099 0.6143367 1.605851
-0.3226829 -0.32496 -0.8889751 0.5860501 0.5901856 1.614538
