6
26
0 0 0 0 0 0
33.72582 34.94886 11.87985 -12.3606 -12.80885 -4.353995
0.6731212 0.6969612 0.2472913 -0.6680803 -0.6917418 -0.2454394
0.6672295 0.705815 0.2379704 -0.4352354 -0.4604047 -0.1552287
-0.6731212 -0.6969612 -0.2472913 0.9287906 0.9616856 0.3412192
-0.6672295 -0.705815 -0.2379704 0.9198884 0.9730849 0.3280824
-7.146075 -10.96168 48.2574 13.58801 20.84326 -91.75975
-0.1362251 -0.2122501 0.9676738 0.110078 0.1715107 -0.7819379
-0.1356203 -0.2260466 0.9646295 0.3910188 0.6517348 -2.781207
0.1362251 0.2122501 -0.9676738 0.2855652 0.4449343 -2.02851
0.1356203 0.2260466 -0.9646295 -0.05515002 -0.09192189 0.3922667
15.46102 19.75911 43.24971 -37.90915 -48.44772 -106.0448
0.3162282 0.4003448 0.860072 -1.058841 -1.340493 -2.879818
0.3156155 0.3875783 0.8661235 -0.5696851 -0.6995776 -1.56335
-0.3162282 -0.4003448 -0.860072 0.3999846 0.5063803 1.087871
-0.3156155 -0.3875783 -0.8661235 -0.409347 -0.5026812 -1.123345
-23.61525 -28.336 33.75454 -82.70184 -99.23414 118.2102
-0.4673935 -0.562007 0.6824159 -0.6458161 -0.7765474 0.9429212
-0.4649505 -0.5734696 0.6745025 -1.739921 -2.146017 2.524099
0.4673935 0.562007 -0.6824159 -1.243586 -1.495323 1.815692
0.4649505 0.5734696 -0.6745025 0.06595223 0.08134542 -0.09567672
9.814466 11.88582 47.56432 0 0 0
0.2032837 0.244157 0.9481894 0.6783533 0.8147467 3.164088
0.2031442 0.2304448 0.9516447 0.6778878 0.7689894 3.175618
-0.2032837 -0.244157 -0.9481894 0.4350717 0.5225496 2.029334
-0.2031442 -0.2304448 -0.9516447 0.4347731 0.4932025 2.036729
