6
21
0 0 0 0 0 0
30.52409 36.60401 15.11327 -31.03357 -37.21498 -15.36553
0.6103768 0.7282843 0.311516 -0.64188 -0.7658731 -0.3275942
0.6025336 0.737725 0.3044918 -0.6420732 -0.7861362 -0.3244732
-0.6103768 -0.7282843 -0.311516 0.2991325 0.3569165 0.1526673
-0.6025336 -0.737725 -0.3044918 0.3728896 0.4565554 0.1884406
31.68832 38.60661 2.319909 -34.96648 -42.60046 -2.559904
0.6345776 0.7708075 0.05627642 -1.714803 -2.082933 -0.1520743
0.6260456 0.7783161 0.04786176 -0.7933373 -0.9862975 -0.06065136
-0.6345776 -0.7708075 -0.05627642 2.128011 2.584848 0.1887189
-0.6260456 -0.7783161 -0.04786176 2.091714 2.600473 0.1599134
6.322642 -42.86711 24.94871 -5.403916 36.6382 -21.32347
0.132443 -0.8526315 0.5054487 -0.3815401 2.45625 -1.45609
0.1343479 -0.859469 0.4932176 -0.02630839 0.1683036 -0.09658327
-0.132443 0.8526315 -0.5054487 0.5524057 -3.556236 2.108173
-0.1343479 0.859469 -0.4932176 0.4671443 -2.98848 1.714979
-7.571033 -43.38231 23.67787 -28.11078 -161.0758 87.91447
-0.1458331 -0.8644013 0.4811892 -0.7583999 -4.495287 2.502407
-0.1432552 -0.8714067 0.4691783 -0.4397991 -2.675253 1.440396
0.1458331 0.8644013 -0.4811892 0.6133623 3.635601 -2.023842
0.1432552 0.8714067 -0.4691783 0.7697907 4.682558 -2.521159
