6
26
0 0 0 0 0 0
-32.61598 37.31094 -6.639139 -1.45617 1.66578 -0.2964103
-0.6466606 0.7521257 -0.1270316 -0.1179235 0.1371558 -0.02316519
-0.6573648 0.7431833 -0.1247004 0.4014547 -0.4538643 0.0761549
0.6466606 -0.7521257 0.1270316 -0.5527222 0.6428667 -0.1085781
0.6573648 -0.7431833 0.1247004 -0.794553 0.8982813 -0.1507246
48.81921 -3.911589 10.06908 -77.27493 6.191573 -15.93813
0.9757853 -0.07011327 0.2071887 -2.232533 0.1604146 -0.4740342
0.9784242 -0.07243714 0.1934914 -0.3858109 0.02856332 -0.07629728
-0.9757853 0.07011327 -0.2071887 2.633739 -0.1892425 0.5592223
-0.9784242 0.07243714 -0.1934914 2.424958 -0.1795306 0.4795555
15.79452 -8.531732 46.66632 0 0 0
0.3207389 -0.1618896 0.93323 0.6277665 -0.3168587 1.826565
0.3240199 -0.1751817 0.9296895 0.6338521 -0.3426929 1.818671
-0.3207389 0.1618896 -0.93323 0.4043766 -0.2041049 1.176584
-0.3240199 0.1751817 -0.9296895 0.4088814 -0.2210622 1.173177
-4.675336 2.662477 49.70938 -17.55777 9.998674 186.6788
-0.08596879 0.05981267 0.9945008 -0.1654434 0.115107 1.913876
-0.08699425 0.04572375 0.995159 -0.374637 0.1969074 4.285609
0.08596879 -0.05981267 -0.9945008 -0.1911471 0.1329904 2.211221
0.08699425 -0.04572375 -0.995159 0.1053853 -0.05539002 -1.205541
-21.03106 -17.17233 41.98536 65.58804 53.55411 -130.9367
-0.4146404 -0.3375029 0.8450829 0.1090321 0.08874836 -0.2222195
-0.4137658 -0.350715 0.8401171 1.603793 1.359402 -3.256367
0.4146404 0.3375029 -0.8450829 1.786659 1.454278 -3.641408
0.4137658 0.350715 -0.8401171 0.3712994 0.3147198 -0.7538927
