6
26
0 0 0 0 0 0
-23.98928 15.75024 40.94413 -14.3686 9.433752 24.52386
-0.4715722 0.3199407 0.8217406 -0.4526602 0.3071097 0.7887853
-0.4766222 0.3068933 0.8238008 0.3851568 -0.2479995 -0.6657107
0.4715722 -0.3199407 -0.8217406 1.174941 -0.7971451 -2.0474
0.4766222 -0.3068933 -0.8238008 0.7043906 -0.4535517 -1.217479
-21.72058 5.406376 44.71006 -21.02424 5.233052 43.2767
-0.426771 0.1138579 0.8971639 -0.8884968 0.2370412 1.86781
-0.429586 0.1000028 0.8974716 0.0494006 -0.01149991 -0.1032055
0.426771 -0.1138579 -0.8971639 -0.2054412 0.05480946 0.4318812
0.429586 -0.1000028 -0.8974716 -1.060311 0.2468288 2.215155
-12.05307 9.804029 47.5248 31.37454 -25.5202 -123.7086
-0.2327985 0.2016407 0.9513915 0.3337295 -0.289063 -1.363872
-0.23594 0.1880009 0.9534086 0.8142514 -0.648809 -3.290304
0.2327985 -0.2016407 -0.9513915 -0.8340096 0.7223854 3.408397
0.23594 -0.1880009 -0.9534086 -0.7345381 0.5852922 2.968191
-7.896314 35.90525 33.88868 -38.08685 173.1843 163.4576
-0.1480505 0.7189882 0.6790707 -0.7185007 3.489305 3.295583
-0.1582519 0.7111734 0.6849735 -0.5998536 2.695702 2.596391
0.1480505 -0.7189882 -0.6790707 0.4287361 -2.082102 -1.966505
0.1582519 -0.7111734 -0.6849735 -0.02524709 0.1134587 0.1092789
2.322706 35.8668 34.75848 -12.61479 -194.7953 -188.7759
0.05643796 0.7168049 0.6949859 -0.3353792 -4.25957 -4.129912
0.04621458 0.7103548 0.7023249 -0.1535608 -2.360352 -2.33367
-0.05643796 -0.7168049 -0.6949859 0.1373294 1.744188 1.691097
-0.04621458 -0.7103548 -0.7023249 -0.09775083 -1.502508 -1.485523
