6
26
0 0 0 0 0 0
-34.80618 35.47339 -5.491255 1.101951 -1.123075 0.1738512
-0.690697 0.7156124 -0.104099 0.08908168 -0.09229512 0.01342602
-0.7008281 0.7060443 -0.1016925 -0.09596241 0.09667663 -0.01392446
0.690697 -0.7156124 0.104099 0.125637 -0.1301691 0.01893549
0.7008281 -0.7060443 0.1016925 0.2371569 -0.238922 0.03441225
13.62387 19.77147 43.85751 0 0 0
0.2798597 0.400379 0.8725681 0.4332323 0.6198004 1.350765
0.2786169 0.3876856 0.8786765 0.4303964 0.5988814 1.357345
-0.2798597 -0.400379 -0.8725681 0.2778598 0.3975179 0.8663328
-0.2786169 -0.3876856 -0.8786765 0.2776374 0.3863226 0.8755875
26.71316 0.3755294 42.26426 0 0 0
0.5367324 0.01704937 0.8435802 0.9771991 0.03104085 1.53586
0.542312 0.004512087 0.8401651 0.9868343 0.008210555 1.528831
-0.5367324 -0.01704937 -0.8435802 0.6294641 0.019995 0.9893264
-0.542312 -0.004512087 -0.8401651 0.6365809 0.005296413 0.986209
28.56714 -34.1124 22.80888 105.499 -125.9778 84.23365
0.5760456 -0.6749369 0.46112 1.152613 -1.350486 0.9226578
0.5780233 -0.6815377 0.4487709 2.300384 -2.712344 1.785992
-0.5760456 0.6749369 -0.46112 1.059793 -1.24173 0.8483557
-0.5780233 0.6815377 -0.4487709 -0.6390042 0.7534392 -0.4961158
-13.28625 24.10824 41.74006 -13.58567 24.65153 42.6807
-0.2564202 0.4857262 0.8356546 0.4712369 -0.8926448 -1.535727
-0.263152 0.4741495 0.8401983 -0.4121703 0.7426518 1.315988
0.2564202 -0.4857262 -0.8356546 -1.273632 2.412588 4.150672
0.263152 -0.4741495 -0.8401983 -0.7909763 1.425188 2.525449
