6
26
0 0 0 0 0 0
-32.52137 37.45453 -6.285322 1.44775 -1.66736 0.279803
-0.6447242 0.7549461 -0.1199462 -0.2365398 0.2769786 -0.04400648
-0.6554477 0.7460255 -0.1176197 -0.4285077 0.4877242 -0.07689548
0.6447242 -0.7549461 0.1199462 -0.5837827 0.683586 -0.1086085
0.6554477 -0.7460255 0.1176197 -0.4240188 0.482615 -0.07608996
18.50001 -26.94638 37.83706 0 0 0
0.3747843 -0.5308187 0.7601106 0.3612611 -0.5116653 0.7326837
0.3779338 -0.5412741 0.7511248 0.3652667 -0.5231324 0.7259496
-0.3747843 0.5308187 -0.7601106 0.2343965 -0.331983 0.4753861
-0.3779338 0.5412741 -0.7511248 0.235287 -0.3369764 0.4676214
49.33205 -8.115303 -0.702697 83.4336 -13.72513 -1.188447
0.987901 -0.1549067 -0.007446778 0.8979887 -0.1408081 -0.006769021
0.9875594 -0.1557613 -0.02155823 2.001024 -0.3156083 -0.04368195
-0.987901 0.1549067 0.007446778 1.00118 -0.156989 -0.007546877
-0.9875594 0.1557613 0.02155823 -0.6382065 0.1006601 0.01393192
-27.66373 -23.97787 34.05519 -86.70477 -75.15239 106.7372
-0.5485008 -0.4746341 0.6883817 -1.21797 -1.053945 1.528581
-0.5464061 -0.4868137 0.6815077 -1.732076 -1.543172 2.160341
0.5485008 0.4746341 -0.6883817 -0.3005966 -0.2601151 0.3772559
0.5464061 0.4868137 -0.6815077 0.769937 0.6859657 -0.9603077
-36.29302 -9.499527 33.0536 -72.61215 -19.00589 66.13097
-0.7210719 -0.1844282 0.6678634 0.2711915 0.0693625 -0.2511801
-0.7208618 -0.1980776 0.6641713 -1.227055 -0.3371688 1.130556
0.7210719 0.1844282 -0.6678634 -2.652632 -0.6784624 2.456893
0.7208618 0.1980776 -0.6641713 -1.563249 -0.4295477 1.440311
