6
21
0 0 0 0 0 0
28.03516 39.61068 12.04203 -39.86667 -56.32733 -17.12405
0.5622451 0.788304 0.2499142 -0.7849423 -1.10054 -0.3489016
0.5525469 0.7968924 0.2442427 -0.6603802 -0.9524114 -0.2919084
-0.5622451 -0.788304 -0.2499142 0.6024951 0.8447371 0.267805
-0.5525469 -0.7968924 -0.2442427 0.05017501 0.07236324 0.0221789
-1.570056 -23.83415 43.92574 0 0 0
-0.02542084 -0.4697054 0.8824572 -0.03529325 -0.6521197 1.225167
-0.02339038 -0.4820365 0.8758389 -0.03242276 -0.6681786 1.214051
0.02542084 0.4697054 -0.8824572 -0.02263583 -0.4182464 0.7857787
0.02339038 0.4820365 -0.8758389 -0.02088516 -0.4304081 0.7820324
-30.65724 31.44531 23.90248 8.823158 -9.049963 -6.879137
-0.605267 0.633027 0.4826268 0.9474382 -0.9908915 -0.7554667
-0.6140226 0.6223019 0.4855066 0.7842998 -0.7948751 -0.6201445
0.605267 -0.633027 -0.4826268 -1.80058 1.883162 1.435744
0.6140226 -0.6223019 -0.4855066 -1.797598 1.821836 1.421358
-26.62074 -23.01052 35.5222 -107.8195 -93.19736 143.8722
-0.5274186 -0.4550982 0.7174366 -1.979993 -1.708494 2.693343
-0.5255409 -0.4674622 0.7108346 -2.013003 -1.790542 2.722742
0.5274186 0.4550982 -0.7174366 0.5091137 0.4393033 -0.6925368
0.5255409 0.4674622 -0.7108346 1.797151 1.598544 -2.430785
