6
26
0 0 0 0 0 0
37.27871 31.1406 11.85512 -6.30921 -5.27037 -2.006412
0.7425081 0.6227842 0.2466203 -0.4340228 -0.3640399 -0.1441585
0.7396049 0.6306064 0.2352025 -0.07655746 -0.06527489 -0.02434612
-0.7425081 -0.6227842 -0.2466203 -0.09896237 -0.08300542 -0.03286985
-0.7396049 -0.6306064 -0.2352025 -0.4480116 -0.3819864 -0.1424726
16.72785 46.91591 -4.367987 -16.66719 -46.7458 4.352149
0.339318 0.9373808 -0.07861643 0.01646172 0.04547622 -0.003814008
0.3264179 0.9416118 -0.08257427 -0.1119059 -0.3228129 0.02830895
-0.339318 -0.9373808 0.07861643 -0.6188958 -1.709726 0.1433917
-0.3264179 -0.9416118 0.08257427 -0.5121613 -1.477422 0.129562
38.01368 -32.34155 -2.997763 -41.92574 35.66988 3.306269
0.7657765 -0.6408225 -0.05415775 -1.547837 1.295272 0.1094672
0.7636251 -0.6420607 -0.06807963 -0.2140232 0.179952 0.01908085
-0.7657765 0.6408225 0.05415775 1.890754 -1.582234 -0.1337191
-0.7636251 0.6420607 0.06807963 1.685206 -1.416932 -0.1502415
1.959614 36.54342 34.06934 -6.936607 -129.3557 -120.5981
0.04916859 0.7301909 0.6814716 -0.1666591 -2.475014 -2.309878
0.03866695 0.72404 0.6886733 -0.1355599 -2.538363 -2.414373
-0.04916859 -0.7301909 -0.6814716 0.04952345 0.7354608 0.6863899
-0.03866695 -0.72404 -0.6886733 0.1092314 2.045362 1.945453
-39.79956 -0.587051 30.25913 -188.2399 -2.776574 143.1165
-0.7910811 -0.005941201 0.6116824 -3.216943 -0.02415998 2.487416
-0.7923707 -0.0198858 0.6097157 -3.737967 -0.09381016 2.876301
0.7910811 0.005941201 -0.6116824 0.3923388 0.002946554 -0.3033655
0.7923707 0.0198858 -0.6097157 2.006554 0.05035765 -1.544009
