6
21
0 0 0 0 0 0
-36.8661 33.77462 -0.3874339 34.0429 -31.18817 0.3577643
-0.7318059 0.6815102 -0.001973535 0.8022167 -0.7470818 0.002163419
-0.7412351 0.6712453 0.0004148044 0.3593214 -0.3253931 -0.0002010808
0.7318059 -0.6815102 0.001973535 -0.7168148 0.6675493 -0.001933106
0.7412351 -0.6712453 -0.0004148044 -0.8462239 0.7663207 0.0004735574
-4.597722 -25.3168 42.87099 0.7910779 4.355976 -7.376325
-0.08597176 -0.4997056 0.8619183 -0.06685636 -0.3885986 0.670275
-0.08398695 -0.511854 0.8549572 0.06485528 0.3952571 -0.6602036
0.08597176 0.4997056 -0.8619183 0.167583 0.9740661 -1.68012
0.08398695 0.511854 -0.8549572 0.08596881 0.5239323 -0.8751318
-36.05444 -29.40609 18.31285 -81.51058 -66.48023 41.40104
-0.7188498 -0.5850266 0.3754981 -0.834016 -0.678753 0.4356563
-0.714484 -0.595576 0.3671537 -1.471235 -1.226384 0.7560272
0.7188498 0.5850266 -0.3754981 -0.8890415 -0.7235348 0.4643994
0.714484 0.595576 -0.3671537 -0.09696563 -0.08082812 0.04982797
-25.62438 -20.02166 37.98024 -71.76888 -56.07677 106.3752
-0.5071239 -0.3949751 0.7660418 -1.919012 -1.494629 2.898786
-0.5057409 -0.4077883 0.7602202 -1.053025 -0.8490734 1.582887
0.5071239 0.3949751 -0.7660418 1.539903 1.199358 -2.326117
0.5057409 0.4077883 -0.7602202 1.968655 1.587363 -2.959245
