6
11
0 0 0 0 0 0
34.44449 34.8376 9.995204 -52.40435 -53.00244 -15.20685
0.6875339 0.6952169 0.2096917 -0.9477785 -0.9583697 -0.289064
0.681731 0.7037328 0.2000075 -0.9774914 -1.009038 -0.2867782
-0.6875339 -0.6952169 -0.2096917 0.9245098 0.934841 0.2819673
-0.681731 -0.7037328 -0.2000075 0.3037336 0.3135362 0.08910992
1.119892 -34.5579 36.11785 0 0 0
0.02816575 -0.6851333 0.727873 0.02693775 -0.655262 0.6961383
0.03056114 -0.6951661 0.7181991 0.02925969 -0.6655625 0.6876146
-0.02816575 0.6851333 -0.727873 0.01737683 -0.4226923 0.4490605
-0.03056114 0.6951661 -0.7181991 0.01882071 -0.4281097 0.4422943
