6
16
0 0 0 0 0 0
38.01261 32.09396 5.000368 -32.28028 -27.25417 -4.24631
0.7585698 0.6422642 0.1098569 0.03615762 0.03061386 0.005236387
0.7539329 0.6495056 0.09862998 -0.8500931 -0.7323467 -0.1112097
-0.7585698 -0.6422642 -0.1098569 1.034394 0.8757985 0.1498021
-0.7539329 -0.6495056 -0.09862998 1.307871 1.126717 0.1710965
14.12098 -35.22177 32.55806 0.6419206 -1.601134 1.480045
0.2878528 -0.6976352 0.6560837 0.2536179 -0.6146641 0.5780544
0.2903008 -0.7065476 0.6453805 0.2557748 -0.6225165 0.5686241
-0.2878528 0.6976352 -0.6560837 0.1631346 -0.3953703 0.3718218
-0.2903008 0.7065476 -0.6453805 0.164522 -0.4004212 0.365756
-31.43605 26.55976 -28.39595 -61.49421 51.95535 -55.54726
-0.6250557 0.5396346 -0.5640035 -1.889291 1.631097 -1.704754
-0.6355656 0.5307909 -0.5606402 -1.718302 1.435035 -1.515735
0.6250557 -0.5396346 0.5640035 1.907155 -1.64652 1.720874
0.6355656 -0.5307909 0.5606402 2.075719 -1.733531 1.831017
