6
21
0 0 0 0 0 0
-34.83139 35.40767 -5.749461 32.2822 -32.81631 5.328679
-0.6912283 0.7143275 -0.1092691 0.6313967 -0.6524964 0.09981091
-0.7013556 0.7047563 -0.1068592 0.7751108 -0.778869 0.1180966
0.6912283 -0.7143275 0.1092691 -0.7223784 0.7465186 -0.1141933
0.7013556 -0.7047563 0.1068592 -0.4659721 0.4682314 -0.07099593
35.99491 20.52677 27.98247 -53.10035 -30.28147 -41.28024
0.7141446 0.4185932 0.56105 -0.8051434 -0.4719318 -0.6325409
0.7237967 0.4147432 0.5514585 -1.863126 -1.067591 -1.41951
-0.7141446 -0.4185932 -0.56105 -1.049455 -0.6151342 -0.8244782
-0.7237967 -0.4147432 -0.5514585 0.3352032 0.192075 0.2553903
23.12503 -44.03324 5.129166 -67.91139 129.3126 -15.06285
0.4692059 -0.8763807 0.1086397 -1.675848 3.130142 -0.3880251
0.4682505 -0.8785072 0.09469177 -0.9647718 1.810055 -0.1951006
-0.4692059 0.8763807 -0.1086397 1.224982 -2.288015 0.2836317
-0.4682505 0.8785072 -0.09469177 1.694049 -3.178287 0.3425784
-23.76663 -25.39388 35.92038 -105.215 -112.4188 159.0197
-0.4702046 -0.5027985 0.7253284 -2.172226 -2.322802 3.350834
-0.4681473 -0.5148285 0.718185 -1.983368 -2.181139 3.042686
0.4702046 0.5027985 -0.7253284 0.9317642 0.9963528 -1.437321
0.4681473 0.5148285 -0.718185 1.969076 2.165421 -3.02076
