6
26
0 0 0 0 0 0
39.77901 29.06545 8.533028 0 0 0
0.7925709 0.5825725 0.1801126 0.5812196 0.4272204 0.1320827
0.7902642 0.5893154 0.1678981 0.5792215 0.4319368 0.1230604
-0.7925709 -0.5825725 -0.1801126 0.3733077 0.2743966 0.08483455
-0.7902642 -0.5893154 -0.1678981 0.3725726 0.2778346 0.0791561
-5.58395 23.99498 43.50935 0 0 0
-0.1022736 0.4832253 0.8695018 -0.1644041 0.7767815 1.397718
-0.1084505 0.4717673 0.8750281 -0.1744256 0.758764 1.407346
0.1022736 -0.4832253 -0.8695018 -0.1057496 0.4996491 0.8990542
0.1084505 -0.4717673 -0.8750281 -0.1120307 0.4873415 0.9039149
38.10325 31.02913 -9.237835 42.43577 34.5573 -10.28822
0.7627229 0.6226025 -0.1749853 1.989497 1.624005 -0.4564342
0.7555894 0.6281193 -0.1858782 0.8328893 0.6923786 -0.2048944
-0.7627229 -0.6226025 0.1749853 -2.405983 -1.963978 0.5519851
-0.7555894 -0.6281193 0.1858782 -2.368614 -1.969022 0.5826892
19.96938 -24.94406 38.45769 38.11484 -47.60982 73.40282
0.4039553 -0.4905071 0.7721547 1.453892 -1.765404 2.779093
0.4073075 -0.5011733 0.7634958 0.3754237 -0.4619417 0.7037297
-0.4039553 0.4905071 -0.7721547 -1.66063 2.016439 -3.174271
-0.4073075 0.5011733 -0.7634958 -1.611851 1.983308 -3.021405
11.80014 12.94043 46.8323 0 0 0
0.2427829 0.265253 0.9331117 0.7745275 0.8462117 2.976819
0.2429436 0.2516128 0.9368401 0.7746295 0.8022712 2.987129
-0.2427829 -0.265253 -0.9331117 0.4989129 0.5450884 1.917522
-0.2429436 -0.2516128 -0.9368401 0.4996931 0.5175241 1.926918
