6
21
0 0 0 0 0 0
38.82853 29.56899 10.86293 34.40701 26.20189 9.625937
0.7732242 0.5922482 0.2266416 0.5939531 0.4549362 0.174095
0.7711741 0.5993659 0.2145951 0.6802153 0.5286716 0.189284
-0.7732242 -0.5922482 -0.2266416 -0.08062389 -0.06175357 -0.02363186
-0.7711741 -0.5993659 -0.2145951 -0.4652829 -0.3616236 -0.1294746
47.30174 14.02461 8.115335 -149.5172 -44.33073 -25.65196
0.9429543 0.2863759 0.1697823 -2.363435 -0.7177771 -0.4255449
0.9448451 0.2880502 0.1558682 -3.074249 -0.9372308 -0.5071495
-0.9429543 -0.2863759 -0.1697823 -0.1759182 -0.0534265 -0.03167471
-0.9448451 -0.2880502 -0.1558682 2.109774 0.6431962 0.348043
-13.62451 14.84114 45.7615 0 0 0
-0.2638449 0.3017635 0.9161466 -0.5844413 0.6684346 2.029351
-0.2682267 0.2886456 0.9190964 -0.594775 0.6400527 2.038036
0.2638449 -0.3017635 -0.9161466 -0.375377 0.4293245 1.303419
0.2682267 -0.2886456 -0.9190964 -0.380906 0.4099028 1.3052
6.658348 47.55207 13.94478 -33.29304 -237.7697 -69.72665
0.1408194 0.9482225 0.2846824 -0.6229511 -4.194707 -1.259366
0.126871 0.9496321 0.2865355 -0.5360855 -4.012613 -1.210738
-0.1408194 -0.9482225 -0.2846824 0.09800909 0.6599545 0.1981364
-0.126871 -0.9496321 -0.2865355 0.03972479 0.297341 0.08971764
