6
21
0 0 0 0 0 0
-12.90867 12.7812 46.58307 10.92609 -10.81819 -39.42859
-0.2496802 0.2608285 0.9325387 -0.1038321 0.1084682 0.3878058
-0.2535372 0.247473 0.9351342 0.4307672 -0.420464 -1.588821
0.2496802 -0.2608285 -0.9325387 0.6148354 -0.6422881 -2.296369
0.2535372 -0.247473 -0.9351342 0.1927802 -0.1881692 -0.711041
-9.7604 18.65881 45.3496 28.97393 -55.38902 -134.6211
-0.1862232 0.3775649 0.9070643 0.2873966 -0.5826924 -1.399864
-0.1912445 0.3649941 0.9111558 0.6335101 -1.209067 -3.018263
0.1862232 -0.3775649 -0.9070643 -0.6529218 1.32379 3.18028
0.1912445 -0.3649941 -0.9111558 -0.5846716 1.115858 2.78558
-9.439702 7.986783 48.44693 26.51647 -22.43517 -136.0892
-0.1806918 0.1655689 0.9695037 0.09684233 -0.08873717 -0.5196086
-0.1832227 0.1517703 0.9712853 0.3974496 -0.3292225 -2.106927
0.1806918 -0.1655689 -0.9695037 -0.7076046 0.6483821 3.796661
0.1832227 -0.1517703 -0.9712853 -0.8198801 0.6791376 4.346281
-5.585112 33.70159 36.51013 16.27058 -98.17965 -106.3615
-0.1017721 0.6751177 0.7306562 0.0208994 -0.1386387 -0.1500438
-0.1112099 0.666699 0.7369835 0.4562996 -2.735497 -3.023878
0.1017721 -0.6751177 -0.7306562 -0.4747475 3.149297 3.408373
0.1112099 -0.666699 -0.7369835 -0.6221171 3.729566 4.122744
