6
26
0 0 0 0 0 0
40.45245 26.48632 12.73011 -37.01432 -24.2352 -11.64815
0.804754 0.5319981 0.263342 -0.6398647 -0.4229949 -0.2093848
0.8049602 0.5378664 0.2504772 -0.7152889 -0.4779489 -0.2225744
-0.804754 -0.5319981 -0.263342 0.6748838 0.4461449 0.2208442
-0.8049602 -0.5378664 -0.2504772 0.2873358 0.191995 0.08940949
1.790328 49.69894 -5.178102 -1.573037 -43.66701 4.549639
0.0424103 0.9944707 -0.09606931 0.0006727277 0.01577466 -0.001523886
0.02830619 0.9948808 -0.09701044 -0.00140997 -0.04955636 0.004832222
-0.0424103 -0.9944707 0.09606931 -0.0749599 -1.75772 0.1698018
-0.02830619 -0.9948808 0.09701044 -0.04890696 -1.718938 0.167613
36.09235 -3.43484 34.43178 -72.70648 6.919337 -69.36133
0.7220974 -0.05872206 0.6892946 -1.709893 0.1390511 -1.632217
0.7287247 -0.06839011 0.6813833 -0.7435591 0.06978231 -0.695254
-0.7220974 0.05872206 -0.6892946 1.570941 -0.1277513 1.499578
-0.7287247 0.06839011 -0.6813833 1.809459 -0.169816 1.691908
-47.3607 15.99498 -1.048625 6.071949 -2.05066 0.1344405
-0.9447687 0.3274021 -0.01483042 -1.857132 0.6435745 -0.02915217
-0.9492936 0.3141185 -0.01308274 0.02297912 -0.007603725 0.000316688
0.9447687 -0.3274021 0.01483042 3.600328 -1.247665 0.05651582
0.9492936 -0.3141185 0.01308274 2.899808 -0.959538 0.03996386
-32.85825 -9.358576 36.50638 146.4256 41.70446 -162.6828
-0.6517853 -0.1815014 0.7363648 3.091307 0.8608301 -3.492453
-0.6518295 -0.1951903 0.7328158 2.771003 0.8297763 -3.115285
0.6517853 0.1815014 -0.7363648 -1.411981 -0.3931915 1.595208
0.6518295 0.1951903 -0.7328158 -2.840674 -0.8506395 3.193613
