6
26
0 0 0 0 0 0
17.19011 5.54271 -46.62352 -84.27295 -27.17263 228.5676
0.3507797 0.1171737 -0.9290984 -0.447216 -0.149387 1.184526
0.3375202 0.118515 -0.9338278 -1.791576 -0.6290841 4.95681
-0.3507797 -0.1171737 0.9290984 2.279222 0.7613462 -6.036897
-0.3375202 -0.118515 0.9338278 2.415689 0.8482319 -6.683564
11.5349 7.952464 -47.99692 0 0 0
0.2376046 0.1657098 -0.9571229 0.6588508 0.4594945 -2.653994
0.2238449 0.1663209 -0.9603285 0.6174464 0.458774 -2.648938
-0.2376046 -0.1657098 0.9571229 0.417097 0.290891 -1.680157
-0.2238449 -0.1663209 0.9603285 0.3965756 0.294663 -1.701369
7.984229 -8.746191 -48.57733 0 0 0
0.1678082 -0.1691028 -0.9712078 0.3972407 -0.4003053 -2.299072
0.1540805 -0.1669684 -0.9738485 0.3649367 -0.3954615 -2.306541
-0.1678082 0.1691028 0.9712078 0.2551411 -0.2571095 -1.476656
-0.1540805 0.1669684 0.9738485 0.2340574 -0.253635 -1.479334
-0.511839 -40.6428 -29.11845 0 0 0
-0.0004999744 -0.8142252 -0.5805489 -0.0009038026 -1.471873 -1.049457
-0.007959439 -0.8071663 -0.5902705 -0.01432771 -1.452972 -1.06254
0.0004999744 0.8142252 0.5805489 -0.0005754823 -0.9371925 -0.6682255
0.007959439 0.8071663 0.5902705 -0.009229215 -0.9359341 -0.6844367
-25.19686 -37.52301 -21.38034 0 0 0
-0.5002282 -0.7567716 -0.4207951 -0.6231616 -0.9427518 -0.5242075
-0.4961035 -0.7522727 -0.4335516 -0.6210083 -0.9416737 -0.5427076
0.5002282 0.7567716 0.4207951 -0.4084407 -0.6179107 -0.3435829
0.4961035 0.7522727 0.4335516 -0.4017605 -0.6092146 -0.351104
