6
16
0 0 0 0 0 0
46.31047 16.63573 8.864067 247.7839 89.00937 47.42714
0.9227561 0.3380924 0.184972 5.207055 1.907835 1.043786
0.9245616 0.3404347 0.1711432 4.065907 1.497116 0.7526295
-0.9227561 -0.3380924 -0.184972 -3.602811 -1.320049 -0.7222051
-0.9245616 -0.3404347 -0.1711432 0.2309219 0.08502823 0.04274536
-25.99357 -3.957031 -42.5282 0 0 0
-0.5172493 -0.06979915 -0.8529837 -0.5409329 -0.07299509 -0.8920397
-0.5279854 -0.07564893 -0.8458774 -0.5530374 -0.07923834 -0.8860128
0.5172493 0.06979915 0.8529837 -0.3484426 -0.04701988 -0.5746086
0.5279854 0.07564893 0.8458774 -0.3546985 -0.05082065 -0.5682571
-36.11143 25.91009 -22.90422 0 0 0
-0.7189366 0.5265703 -0.4537113 -0.4623857 0.3386649 -0.2918055
-0.7282962 0.5165285 -0.4503141 -0.4654557 0.3301145 -0.2877967
0.7189366 -0.5265703 0.4537113 -0.2931536 0.2147143 -0.1850053
0.7282962 -0.5165285 0.4503141 -0.3002533 0.2129482 -0.1856501
