6
21
0 0 0 0 0 0
44.96534 20.51062 -7.577243 331.2173 151.0824 -55.8144
0.8989438 0.414269 -0.1424122 5.105796 2.352953 -0.8088689
0.894904 0.4183514 -0.1553348 6.671534 3.118821 -1.158025
-0.8989438 -0.414269 0.1424122 -6.533383 -3.010842 1.03503
-0.894904 -0.4183514 0.1553348 -3.965879 -1.853977 0.6883857
0.007414632 3.900458 -49.84764 0 0 0
0.00695961 0.08530376 -0.9963307 0.01697846 0.2081045 -2.430619
-0.007172632 0.0847959 -0.9963726 -0.01754447 0.2074133 -2.437157
-0.00695961 -0.08530376 0.9963307 0.01095236 0.1342428 -1.567928
0.007172632 -0.0847959 0.9963726 -0.01123584 0.1328317 -1.560805
19.77238 -27.92974 -36.45489 37.26506 -52.63925 -68.70663
0.4045421 -0.5551909 -0.7267109 1.218294 -1.671978 -2.188517
0.3942813 -0.5509948 -0.735491 0.6346126 -0.8868496 -1.183804
-0.4045421 0.5551909 0.7267109 -0.3278277 0.4499086 0.5889028
-0.3942813 0.5509948 0.735491 0.5143068 -0.7187264 -0.9593862
-20.9515 -33.42449 -30.72152 0 0 0
-0.410089 -0.6727448 -0.6158258 -0.4614761 -0.7570446 -0.6929933
-0.4173296 -0.6623815 -0.6221629 -0.4671615 -0.7414744 -0.6964534
0.410089 0.6727448 0.6158258 -0.2925768 -0.4799679 -0.4393592
0.4173296 0.6623815 0.6221629 -0.3004923 -0.4769385 -0.4479796
