6
16
0 0 0 0 0 0
-43.3363 -15.89922 -19.21351 -144.1217 -52.87537 -63.89756
-0.8715913 -0.3111404 -0.3788406 -4.871056 -1.738868 -2.117224
-0.8675897 -0.3245454 -0.3767735 -5.395988 -2.018515 -2.343349
0.8715913 0.3111404 0.3788406 -1.108051 -0.3955517 -0.4816188
0.8675897 0.3245454 0.3767735 -0.2976117 -0.1113297 -0.1292457
-1.892233 -5.012394 -49.71215 0 0 0
-0.03054031 -0.09347947 -0.9951527 -0.08236576 -0.2521097 -2.683879
-0.04466338 -0.09294609 -0.9946689 -0.1203276 -0.250406 -2.679737
0.03054031 0.09347947 0.9951527 -0.05290216 -0.1619259 -1.723811
0.04466338 0.09294609 0.9946689 -0.07750916 -0.1612993 -1.726156
49.68368 -4.423153 -3.45584 -186.4088 16.59529 12.96601
0.9947442 -0.08137934 -0.06214058 -2.503985 0.2048493 0.1564212
0.9937564 -0.08145296 -0.07624734 -3.704182 0.3036122 0.2842085
-0.9947442 0.08137934 0.06214058 3.905154 -0.3194779 -0.2439507
-0.9937564 0.08145296 0.07624734 3.211756 -0.2632507 -0.2464265
