6
16
0 0 0 0 0 0
21.67195 44.3953 -7.7054 -142.5658 -292.0482 50.68888
0.437279 0.8875791 -0.1448808 -3.182705 -6.460183 1.054505
0.4252758 0.8924547 -0.1505493 -3.045952 -6.392028 1.078279
-0.437279 -0.8875791 0.1448808 2.074239 4.210245 -0.6872444
-0.4252758 -0.8924547 0.1505493 1.351865 2.836931 -0.4785655
-5.20701 -13.87588 -47.75299 0 0 0
-0.09632026 -0.2717929 -0.9575234 -0.2558586 -0.7219722 -2.5435
-0.110286 -0.2697785 -0.9565859 -0.2920201 -0.714331 -2.532888
0.09632026 0.2717929 0.9575234 -0.1652908 -0.4664113 -1.643162
0.110286 0.2697785 0.9565859 -0.1903009 -0.4655086 -1.650609
-17.48141 -26.88698 -38.35971 0 0 0
-0.341384 -0.5355626 -0.772418 -0.5343947 -0.8383575 -1.209126
-0.3540915 -0.5295639 -0.7708315 -0.5531161 -0.8272165 -1.204094
0.341384 0.5355626 0.772418 -0.3422373 -0.5369012 -0.7743486
0.3540915 0.5295639 0.7708315 -0.3562905 -0.5328526 -0.7756184
