6
21
0 0 0 0 0 0
3.709615 47.48754 -15.20403 13.79222 176.557 -56.52805
0.08019713 0.9517129 -0.2963292 0.09088936 1.078599 -0.3358372
0.06623014 0.9521062 -0.2985085 0.01814949 0.2609121 -0.08180228
-0.08019713 -0.9517129 0.2963292 -0.5549511 -6.585699 2.05055
-0.06623014 -0.9521062 0.2985085 -0.4283411 -6.157712 1.930593
-0.6298435 6.534614 -49.56717 0 0 0
-0.005984754 0.1381336 -0.9903955 -0.01789228 0.4129701 -2.960928
-0.02009706 0.1372286 -0.9903355 -0.05973165 0.4078653 -2.943434
0.005984754 -0.1381336 0.9903955 -0.01150885 0.2656347 -1.904558
0.02009706 -0.1372286 0.9903355 -0.03903838 0.2665655 -1.923719
-12.26514 -10.31937 -47.36115 32.11582 27.02088 124.0134
-0.2388594 -0.1994128 -0.9503582 0.7988729 0.6669426 3.178504
-0.252544 -0.1995044 -0.9467943 0.03924248 0.03100073 0.1471211
0.2388594 0.1994128 0.9503582 -1.157193 -0.9660875 -4.604164
0.252544 0.1995044 0.9467943 -1.009615 -0.7975746 -3.785074
-19.64441 -37.51646 -26.58185 0 0 0
-0.3851231 -0.7561097 -0.5291299 -0.828332 -1.626259 -1.138065
-0.3879157 -0.7471513 -0.5397096 -0.8369849 -1.612088 -1.164503
0.3851231 0.7561097 0.5291299 -0.5335711 -1.047557 -0.7330862
0.3879157 0.7471513 0.5397096 -0.5344887 -1.029461 -0.7436376
