6
16
0 0 0 0 0 0
24.07852 42.77778 9.501299 -86.92245 -154.426 -34.29929
0.4847848 0.8517635 0.1987024 -0.3419852 -0.6008655 -0.1401721
0.4734038 0.8590823 0.1945932 -0.5648847 -1.025092 -0.2321966
-0.4847848 -0.8517635 -0.1987024 2.920655 5.131569 1.197111
-0.4734038 -0.8590823 -0.1945932 2.965053 5.38066 1.218789
33.64971 26.57458 -25.71947 -48.4436 -38.25793 37.02687
0.6763313 0.5354506 -0.5058346 -2.495123 -1.975386 1.866126
0.6663771 0.5389386 -0.5152541 -0.9754932 -0.7889392 0.7542679
-0.6763313 -0.5354506 0.5058346 -0.1664597 -0.1317859 0.1244968
-0.6663771 -0.5389386 0.5152541 -1.853915 -1.499371 1.433479
-39.90993 25.25049 -16.41914 -65.73731 41.59114 -27.04465
-0.7950457 0.5131136 -0.3234451 -2.160637 1.394451 -0.8790028
-0.803317 0.5020809 -0.3203071 -1.599426 0.9996566 -0.6377402
0.7950457 -0.5131136 0.3234451 0.4907999 -0.3167568 0.1996701
0.803317 -0.5020809 0.3203071 -0.4830199 0.3018922 -0.1925949
