6
16
0 0 0 0 0 0
37.13601 28.78288 -17.10102 -255.0735 -197.699 117.4606
0.7446066 0.578692 -0.3326808 -5.631829 -4.376935 2.51623
0.7362714 0.5832129 -0.3431721 -4.900087 -3.881441 2.283904
-0.7446066 -0.578692 0.3326808 3.922145 3.048205 -1.752364
-0.7362714 -0.5832129 0.3431721 0.743645 0.5890536 -0.3466089
30.00328 20.78033 -34.17577 -102.5188 -71.00472 116.7758
0.6047453 0.4206561 -0.676263 -0.6751437 -0.4696246 0.7549867
0.5935699 0.4231362 -0.684566 -1.988544 -1.417567 2.293394
-0.6047453 -0.4206561 0.676263 2.620307 1.822665 -2.930187
-0.5935699 -0.4231362 0.684566 2.763514 1.970017 -3.187169
-10.88124 -28.82479 39.37903 -7.34481 -19.45666 26.58074
-0.2118499 -0.570718 0.7933477 -0.5389574 -1.451937 2.018319
-0.2097397 -0.5822729 0.7854729 -0.02161322 -0.06000195 0.08094126
0.2118499 0.570718 -0.7933477 -0.1593456 -0.4292728 0.5967265
0.2097397 0.5822729 -0.7854729 -0.6274243 -1.741836 2.349697
