6
26
0 0 0 0 0 0
-17.58259 10.84704 45.53209 -3.216889 1.984561 8.330495
-0.3434165 0.2223015 0.912495 -0.229183 0.1483555 0.6089644
-0.3471563 0.2087797 0.9142721 0.2844988 -0.1710975 -0.7492569
0.3434165 -0.2223015 -0.912495 0.6541623 -0.4234545 -1.738181
0.3471563 -0.2087797 -0.9142721 0.3353536 -0.2016816 -0.8831885
-12.46505 14.03282 46.34334 -26.61352 29.96081 98.94543
-0.2407024 0.2857089 0.9275951 -0.6143757 0.7292516 2.36762
-0.2448099 0.272491 0.9304928 -0.3575879 0.3980212 1.359149
0.2407024 -0.2857089 -0.9275951 0.2864662 -0.3400297 -1.103955
0.2448099 -0.272491 -0.9304928 -0.2047564 0.2279086 0.7782544
-9.632082 8.855952 48.2576 -11.01659 10.1289 55.19413
-0.1844658 0.1828523 0.9656798 -0.4193237 0.4156559 2.195162
-0.1871919 0.1691176 0.9676561 -0.004374642 0.003952248 0.02261395
0.1844658 -0.1828523 -0.9656798 -0.06758985 0.06699863 0.3538332
0.1871919 -0.1691176 -0.9676561 -0.4671654 0.4220581 2.41493
-5.77436 33.15595 36.97726 12.5441 -72.02728 -80.32861
-0.1055712 0.6643523 0.7399262 0.3128055 -1.968463 -2.192387
-0.1148225 0.6557114 0.7462294 -0.004667274 0.02665318 0.03033253
0.1055712 -0.6643523 -0.7399262 0.08393813 -0.5282168 -0.5883046
0.1148225 -0.6557114 -0.7462294 0.4043428 -2.309061 -2.627817
4.688269 33.07088 37.20628 5.920831 41.76534 46.98794
0.103671 0.6614844 0.7427589 -0.1376267 -0.8781428 -0.9860373
0.09471493 0.6538893 0.7506384 0.2796021 1.930306 2.215913
-0.103671 -0.6614844 -0.7427589 -0.3691689 -2.355524 -2.64494
-0.09471493 -0.6538893 -0.7506384 -0.5280865 -3.645783 -4.185211
