6
16
0 0 0 0 0 0
6.692736 49.34092 -4.546721 54.47602 401.614 -37.00837
0.1400385 0.9866546 -0.0830778 1.10994 7.820184 -0.6584712
0.1261101 0.9883847 -0.08480581 0.9785914 7.669686 -0.6580777
-0.1400385 -0.9866546 0.0830778 -0.8965686 -6.316858 0.5318889
-0.1261101 -0.9883847 0.08480581 -0.8509205 -6.669068 0.5722223
-10.36156 13.3314 -47.06287 16.27996 -20.94616 73.94467
-0.2017388 0.2748995 -0.9400701 -0.1101475 0.1500926 -0.5132697
-0.2153228 0.2715383 -0.9380315 -0.07893893 0.09954794 -0.3438893
0.2017388 -0.2748995 0.9400701 -0.7451036 1.015316 -3.472062
0.2153228 -0.2715383 0.9380315 -0.8212026 1.035598 -3.577485
-36.69364 -16.02904 29.94364 -72.36051 -31.60954 59.04939
-0.7298566 -0.3154563 0.6064625 -2.576545 -1.113626 2.140939
-0.7283379 -0.3285415 0.601319 -0.9025039 -0.4071049 0.7451112
0.7298566 0.3154563 -0.6064625 0.3350878 0.1448306 -0.2784357
0.7283379 0.3285415 -0.601319 -1.733855 -0.7821138 1.431478
