6
16
0 0 0 0 0 0
6.063708 49.54949 2.840827 42.63213 348.3677 19.97301
0.1279834 0.9897015 0.06411853 0.921072 7.122692 0.4614487
0.1139589 0.9914464 0.06361886 0.7968588 6.932699 0.4448555
-0.1279834 -0.9897015 -0.06411853 -0.6111714 -4.726217 -0.3061914
-0.1139589 -0.9914464 -0.06361886 -0.6412423 -5.57883 -0.3579808
-7.290504 20.5303 -45.00397 -2.997236 8.440314 -18.50181
-0.1401719 0.4184097 -0.8973768 0.2197748 -0.6560226 1.406993
-0.1539365 0.4152661 -0.8965811 0.1187214 -0.3202682 0.6914757
0.1401719 -0.4184097 0.8973768 0.2907853 -0.8679872 1.8616
0.1539365 -0.4152661 0.8965811 0.4223425 -1.13933 2.459874
-34.90783 -16.9936 31.50612 -107.8814 -52.51809 97.36854
-0.6938766 -0.3347399 0.6375614 -1.976586 -0.9535447 1.816167
-0.692363 -0.3477471 0.6322226 -2.099599 -1.054547 1.917222
0.6938766 0.3347399 -0.6375614 1.893418 0.9134225 -1.739748
0.692363 0.3477471 -0.6322226 0.8443835 0.4241011 -0.7710382
