6
26
0 0 0 0 0 0
3.311984 30.88915 -39.17746 -22.93465 -213.8996 271.2941
0.07205752 0.6238927 -0.778181 -0.4594472 -3.978013 4.961773
0.05813296 0.6226685 -0.7803234 -0.2865229 -3.068978 3.84602
-0.07205752 -0.6238927 0.778181 0.4688495 4.059421 -5.063313
-0.05813296 -0.6226685 0.7803234 0.4163374 4.459436 -5.588531
47.42783 14.47412 6.411181 123.2376 37.60991 16.65897
0.9457286 0.2951457 0.1359646 3.983482 1.243177 0.5726933
0.946994 0.2971731 0.1220265 0.813054 0.2551418 0.1047675
-0.9457286 -0.2951457 -0.1359646 -0.2277511 -0.07107721 -0.03274309
-0.946994 -0.2971731 -0.1220265 3.314674 1.040167 0.4271179
-29.35258 40.28795 -3.912657 116.0625 -159.3018 15.47097
-0.5807521 0.8108553 -0.07239326 2.572587 -3.591886 0.320684
-0.5921424 0.8027714 -0.07018165 2.628574 -3.563575 0.3115427
0.5807521 -0.8108553 0.07239326 -1.364547 1.905202 -0.1700967
0.5921424 -0.8027714 0.07018165 -1.458183 1.976868 -0.1728261
-14.61478 40.3394 -25.67343 -19.81923 54.70463 -34.81598
-0.2865069 0.8125187 -0.5076684 -0.7486231 2.123056 -1.326503
-0.299904 0.8080271 -0.5070993 -0.5907367 1.591613 -0.9988601
0.2865069 -0.8125187 0.5076684 0.03464618 -0.09825475 0.06139038
0.299904 -0.8080271 0.5070993 -0.244288 0.6581815 -0.4130597
-32.7602 37.45259 -4.904102 -62.76756 71.75803 -9.396111
-0.649417 0.7548093 -0.09230671 -0.6229907 0.7240944 -0.08855054
-0.660065 0.7458013 -0.0899704 -1.227704 1.387171 -0.1673426
0.649417 -0.7548093 0.09230671 1.439975 -1.673665 0.2046749
0.660065 -0.7458013 0.0899704 1.417633 -1.60177 0.193231
