6
21
0 0 0 0 0 0
-28.25928 11.53279 -39.60283 -198.0326 80.81839 -277.5249
-0.562399 0.2402213 -0.7912024 -4.095393 1.749293 -5.761541
-0.5729335 0.2323698 -0.7859717 -1.960816 0.7952657 -2.68992
0.562399 -0.2402213 0.7912024 4.322553 -1.846321 6.081118
0.5729335 -0.2323698 0.7859717 4.686306 -1.900668 6.42885
10.79584 0.7056851 -48.8155 0 0 0
0.2233343 0.02057788 -0.9745247 0.7255714 0.06685367 -3.166048
0.2095697 0.02174026 -0.977552 0.6794071 0.07048008 -3.16914
-0.2233343 -0.02057788 0.9745247 0.4673778 0.04306388 -2.039414
-0.2095697 -0.02174026 0.977552 0.4401708 0.04566227 -2.053206
2.768982 -11.20743 -48.64902 0 0 0
0.06353967 -0.2184248 -0.973783 0.1808238 -0.6216021 -2.771231
0.04962779 -0.2162422 -0.9750776 0.1410071 -0.6144072 -2.77048
-0.06353967 0.2184248 0.973783 0.1169837 -0.4021447 -1.792845
-0.04962779 0.2162422 0.9750776 0.09162034 -0.3992155 -1.800139
8.540657 -32.46841 -37.05184 -1.263553 4.803559 5.481657
0.1806297 -0.6476471 -0.7402204 0.3701702 -1.327244 -1.516957
0.17006 -0.6419246 -0.7476714 0.01460688 -0.05513651 -0.06421937
-0.1806297 0.6476471 0.7402204 0.2799014 -1.003585 -1.147036
-0.17006 0.6419246 0.7476714 0.539613 -2.036874 -2.372416
