6
26
0 0 0 0 0 0
11.27073 14.00121 -46.65739 7.186102 8.927033 -29.74829
0.2319365 0.2866829 -0.9295259 -0.4711654 -0.5823796 1.888278
0.2181766 0.2869141 -0.9327804 -0.4669101 -0.6140124 1.996203
-0.2319365 -0.2866829 0.9295259 -0.910207 -1.125053 3.647813
-0.2181766 -0.2869141 0.9327804 -0.8358278 -1.099159 3.573454
16.85151 8.492507 -46.30232 0 0 0
0.343804 0.1762153 -0.9223595 0.8420691 0.431599 -2.259108
0.3304926 0.177357 -0.9269946 0.8111838 0.4353172 -2.275279
-0.343804 -0.1762153 0.9223595 0.5439968 0.2788233 -1.459438
-0.3304926 -0.177357 0.9269946 0.5210099 0.279597 -1.461374
4.725823 3.441043 -49.65709 0 0 0
0.1016047 0.07577018 -0.9919351 0.2076011 0.1548153 -2.026744
0.08752703 0.07597111 -0.993261 0.1786498 0.1550632 -2.027327
-0.1016047 -0.07577018 0.9919351 0.1319975 0.0984351 -1.28865
-0.08752703 -0.07597111 0.993261 0.1139156 0.0988757 -1.29272
25.93876 31.48887 -28.90694 -50.83402 -61.71096 56.65097
0.5230564 0.6336663 -0.5699815 -0.468818 -0.5679582 0.5108773
0.5113658 0.6364555 -0.5774335 -0.8173558 -1.017296 0.922957
-0.5230564 -0.6336663 0.5699815 1.258441 1.524562 -1.37134
-0.5113658 -0.6364555 0.5774335 1.276559 1.58883 -1.441489
-40.73779 28.77758 -3.500788 55.69679 -39.34476 4.786284
-0.8103304 0.5824378 -0.06427218 0.5920446 -0.4255414 0.04695861
-0.8185075 0.5711561 -0.06185496 1.02099 -0.7124487 0.07715663
0.8103304 -0.5824378 0.06427218 -1.271112 0.913632 -0.1008196
0.8185075 -0.5711561 0.06185496 -1.257578 0.8775401 -0.09503567
