6
26
0 0 0 0 0 0
18.53012 5.477622 -46.11513 83.52631 24.69091 -207.8684
0.3775353 0.1158078 -0.918725 0.2915789 0.08944096 -0.7095518
0.3644245 0.1172676 -0.9238199 1.648031 0.5303172 -4.177775
-0.3775353 -0.1158078 0.918725 -2.337797 -0.7171124 5.688986
-0.3644245 -0.1172676 0.9238199 -2.619699 -0.842989 6.640965
10.09804 8.753608 -48.18097 0 0 0
0.2088133 0.1818293 -0.9609033 0.5780289 0.5033327 -2.659935
0.1949638 0.1822151 -0.9637359 0.5414032 0.5060008 -2.676239
-0.2088133 -0.1818293 0.9609033 0.372338 0.3242224 -1.713401
-0.1949638 -0.1822151 0.9637359 0.3457337 0.3231262 -1.709015
31.43637 -18.84055 -34.01161 -120.3673 72.13895 130.2277
0.6362587 -0.3717954 -0.6759757 -1.851791 1.082087 1.967385
0.626888 -0.3689929 -0.6861892 -2.748394 1.617734 3.008382
-0.6362587 0.3717954 0.6759757 2.782652 -1.626033 -2.956353
-0.626888 0.3689929 0.6861892 1.745094 -1.027181 -1.910173
20.98131 -40.0826 21.28741 68.24442 -130.3739 69.24004
0.4252757 -0.7956371 0.4313958 1.291529 -2.416288 1.310115
0.4266949 -0.8016499 0.4186752 1.313954 -2.468581 1.289258
-0.4252757 0.7956371 -0.4313958 -1.199313 2.243763 -1.216572
-0.4266949 0.8016499 -0.4186752 -0.3956059 0.7432417 -0.3881705
-34.52831 -19.37316 -30.53592 0 0 0
-0.6948552 -0.3784645 -0.611507 -0.9207746 -0.5015153 -0.8103272
-0.6963376 -0.3895213 -0.602816 -0.9193153 -0.5142519 -0.7958467
0.6948552 0.3784645 0.611507 -0.5913983 -0.322115 -0.5204598
0.6963376 0.3895213 0.602816 -0.596478 -0.3336613 -0.516368
