6
16
0 0 0 0 0 0
18.49553 44.74191 12.49258 74.1927 179.477 50.11253
0.3751263 0.8905669 0.257237 2.216376 5.261777 1.519845
0.362217 0.8962245 0.2560869 2.374393 5.874901 1.678692
-0.3751263 -0.8905669 -0.257237 0.1563633 0.3712136 0.1072237
-0.362217 -0.8962245 -0.2560869 -0.2500724 -0.618748 -0.1768008
-22.9906 15.53677 -41.5938 -111.466 75.32733 -201.6603
-0.4559434 0.3198598 -0.8305451 -1.984531 1.392216 -3.615016
-0.4677927 0.3133259 -0.8264362 -2.013278 1.348487 -3.556802
0.4559434 -0.3198598 0.8305451 1.976072 -1.386282 3.599607
0.4677927 -0.3133259 0.8264362 2.049652 -1.372849 3.621062
-23.58739 -32.67378 -29.59797 0 0 0
-0.4633381 -0.6588402 -0.5926612 -0.9713321 -1.381179 -1.242442
-0.469009 -0.6481363 -0.5999583 -0.9832205 -1.358739 -1.25774
0.4633381 0.6588402 0.5926612 -0.6247898 -0.8884153 -0.799176
0.469009 0.6481363 0.5999583 -0.6324368 -0.8739815 -0.8090158
