6
16
0 0 0 0 0 0
18.66349 36.58408 -28.51776 56.93954 111.6126 -87.00349
0.3781107 0.7353429 -0.5624083 2.40112 4.669656 -3.571468
0.3653495 0.7373748 -0.5681532 1.59116 3.211395 -2.474406
-0.3781107 -0.7353429 0.5624083 -0.03467925 -0.06744359 0.05158251
-0.3653495 -0.7373748 0.5681532 0.9623811 1.942347 -1.496594
-1.695936 -15.32026 -47.56486 0 0 0
-0.02563156 -0.3011539 -0.953231 -0.06516238 -0.7656152 -2.423372
-0.03950505 -0.2984406 -0.9536103 -0.1002199 -0.7571104 -2.419203
0.02563156 0.3011539 0.953231 -0.04185272 -0.4917419 -1.556492
0.03950505 0.2984406 0.9536103 -0.06474444 -0.4891114 -1.562863
-18.69619 -46.17781 -4.248672 53.36918 131.8168 12.12804
-0.3692768 -0.9261644 -0.07651211 0.7341266 1.841226 0.152107
-0.3658698 -0.9262811 -0.09023654 1.307063 3.309123 0.3223684
0.3692768 0.9261644 0.07651211 -1.342346 -3.366669 -0.2781266
0.3658698 0.9262811 0.09023654 -0.9906925 -2.508159 -0.2443401
