6
26
0 0 0 0 0 0
25.56071 14.68424 -40.38562 -141.5117 -81.29635 223.5869
0.5169727 0.2994496 -0.8019159 -3.52804 -2.043571 5.472612
0.5048324 0.3012861 -0.8089319 -2.706805 -1.615433 4.337322
-0.5169727 -0.2994496 0.8019159 1.95282 1.131145 -3.029168
-0.5048324 -0.3012861 0.8089319 -0.09462283 -0.0564713 0.1516214
9.266368 7.459004 -48.56437 0 0 0
0.1922587 0.1559703 -0.9688704 0.4752844 0.3855757 -2.395154
0.1783622 0.1563529 -0.9714631 0.4402318 0.3859085 -2.397755
-0.1922587 -0.1559703 0.9688704 0.3048305 0.2472945 -1.536166
-0.1783622 -0.1563529 0.9714631 0.2835759 0.2485835 -1.544517
49.00296 -3.056898 -9.453389 125.5889 -7.834474 -24.22794
0.9818224 -0.05448484 -0.1818138 0.8504426 -0.0471941 -0.1574849
0.9791955 -0.05369224 -0.1956865 3.234118 -0.1773364 -0.6463197
-0.9818224 0.05448484 0.1818138 -3.502569 0.1943701 0.6486058
-0.9791955 0.05369224 0.1956865 -3.567107 0.1955952 0.7128657
23.4992 -38.85713 20.92591 -28.29695 46.79045 -25.19827
0.4754446 -0.7708206 0.4240142 0.1087017 -0.1762341 0.0969431
0.4768794 -0.7768087 0.4112837 -0.749619 1.221086 -0.6465076
-0.4754446 0.7708206 -0.4240142 0.9545284 -1.547541 0.8512738
-0.4768794 0.7768087 -0.4112837 1.280949 -2.086591 1.104752
-41.49621 2.637318 27.76822 -71.90943 4.57025 48.11998
-0.825139 0.05863339 0.5618788 -1.116793 0.07935794 0.7604805
-0.8269627 0.04468001 0.5604787 -1.441421 0.07787858 0.9769311
0.825139 -0.05863339 -0.5618788 1.395846 -0.09918714 -0.950502
0.8269627 -0.04468001 -0.5604787 0.9084026 -0.04908013 -0.6156751
