6
21
0 0 0 0 0 0
-9.40305 45.90989 -17.43141 6.806195 -33.23088 12.61735
-0.1817088 0.9219991 -0.3419058 0.5644161 -2.863874 1.062013
-0.1955498 0.9191042 -0.3420641 0.9328172 -4.384336 1.631723
0.1817088 -0.9219991 0.3419058 0.8399532 -4.261963 1.580468
0.1955498 -0.9191042 0.3420641 0.5751883 -2.703444 1.006144
-6.528899 18.51069 -45.98619 -34.56823 98.00761 -243.4808
-0.1248515 0.3780529 -0.9173266 -0.5000026 1.514018 -3.67369
-0.1386688 0.3751488 -0.9165338 -0.4382488 1.18562 -2.896614
0.1248515 -0.3780529 0.9173266 0.7779841 -2.355752 5.716115
0.1386688 -0.3751488 0.9165338 0.8601153 -2.326921 5.684948
-0.8284897 -48.38507 -12.5778 -3.165516 -184.871 -48.05759
-0.008497897 -0.9692668 -0.245865 -0.01473978 -1.681213 -0.4264579
-0.01066807 -0.9657163 -0.2593804 -0.05497326 -4.976398 -1.336604
0.008497897 0.9692668 0.245865 0.04603079 5.250254 1.331784
0.01066807 0.9657163 0.2593804 0.05439568 4.924113 1.322561
-15.73272 -39.81044 -25.83786 0 0 0
-0.3064035 -0.8011674 -0.5140502 -0.74957 -1.959936 -1.257546
-0.3099218 -0.7927595 -0.5248626 -0.758177 -1.939367 -1.283997
0.3064035 0.8011674 0.5140502 -0.4821458 -1.260689 -0.8088914
0.3099218 0.7927595 0.5248626 -0.4876821 -1.247459 -0.8259055
